20 4.941344 0.6166667
40 1.4300262 0.53333336
60 0.79779154 0.6
80 0.6431426 0.71666664
100 0.62541705 0.71666664
120 0.6202053 0.78333336
140 0.54399616 0.76666665
160 0.551973 0.8333333
180 0.6045764 0.76666665
200 0.52096575 0.81666666
220 0.5884565 0.8
240 0.5338295 0.78333336
260 0.63505745 0.76666665
280 0.57539785 0.81666666
300 0.477633 0.8
320 0.4228709 0.8666667
340 0.5253352 0.85
360 0.5126394 0.78333336
380 0.4897363 0.81666666
400 0.4885893 0.8333333
420 0.45099562 0.85
440 0.37592298 0.9166667
460 0.4740759 0.8333333
480 0.31159893 0.95
500 0.38806355 0.85
520 0.4132108 0.8833333
540 0.46848014 0.8833333
560 0.3687834 0.8833333
580 0.46982414 0.8666667
600 0.40536594 0.9
620 0.34357086 0.93333334
640 0.26961654 0.96666664
660 0.5023488 0.8333333
680 0.3769969 0.9
700 0.30523625 0.96666664
720 0.27601838 0.93333334
740 0.36473513 0.96666664
760 0.28785086 0.93333334
780 0.37986398 0.93333334
800 0.28590122 0.98333335
820 0.443226 0.93333334
840 0.3917574 0.85
860 0.39862537 0.8666667
880 0.33007836 0.93333334
900 0.3184678 0.9166667
920 0.3169155 0.93333334
940 0.31856507 0.9
960 0.21659571 0.98333335
980 0.2652436 0.95
1000 0.28468385 0.95
1020 0.24179155 0.95
1040 0.38470042 0.9
1060 0.26926613 0.93333334
1080 0.31470197 0.95
1100 0.22398674 0.98333335
1120 0.16728565 1.0
1140 0.23766053 0.96666664
1160 0.20830524 1.0
1180 0.34342024 0.9166667
1200 0.30246544 0.9166667
1220 0.18936548 0.96666664
1240 0.25735977 0.96666664
1260 0.1470495 1.0
1280 0.26618114 0.93333334
1300 0.1651853 1.0
1320 0.22101447 0.96666664
1340 0.2305095 0.95
1360 0.20446557 0.96666664
1380 0.21818763 0.96666664
1400 0.23578417 0.93333334
1420 0.13633466 1.0
1440 0.3062529 0.9
1460 0.19549124 0.98333335
1480 0.16203308 1.0
1500 0.16617697 0.98333335
1520 0.14551832 1.0
1540 0.1605582 1.0
1560 0.21391466 0.93333334
1580 0.16629004 1.0
1600 0.18609114 0.95
1620 0.20159882 0.96666664
1640 0.15448947 1.0
1660 0.18028978 1.0
1680 0.24133992 0.95
1700 0.1766651 1.0
1720 0.16820462 0.98333335
1740 0.20815766 0.96666664
1760 0.21561778 0.96666664
1780 0.13070226 1.0
1800 0.16455767 0.98333335
1820 0.12645927 0.98333335
1840 0.116015136 1.0
1860 0.248936 0.93333334
1880 0.13953616 1.0
1900 0.23363116 0.96666664
1920 0.132923 1.0
1940 0.13550924 1.0
1960 0.13228184 1.0
1980 0.1877191 0.98333335
2000 0.13462666 0.98333335
2020 0.1175034 1.0
2040 0.11823893 0.98333335
2060 0.103466704 1.0
2080 0.110090256 1.0
2100 0.118806794 1.0
2120 0.1494512 0.98333335
2140 0.10898535 1.0
2160 0.1992706 0.95
2180 0.16768184 0.95
2200 0.14939564 0.96666664
2220 0.11130007 1.0
2240 0.123035505 1.0
2260 0.17261998 0.98333335
2280 0.18042347 0.96666664
2300 0.12691586 1.0
2320 0.124390855 1.0
2340 0.15423799 0.96666664
2360 0.11424888 1.0
2380 0.14865002 0.96666664
2400 0.10662644 1.0
2420 0.11361227 1.0
2440 0.15567864 0.98333335
2460 0.15604386 0.98333335
2480 0.12692429 0.98333335
2500 0.09985806 1.0
2520 0.090926036 1.0
2540 0.18530275 0.98333335
2560 0.103047945 1.0
2580 0.11136337 0.98333335
2600 0.103494585 1.0
2620 0.09002635 1.0
2640 0.09614621 1.0
2660 0.11652587 1.0
2680 0.09724431 1.0
2700 0.10679053 1.0
2720 0.08325683 1.0
2740 0.116899766 0.98333335
2760 0.08476733 1.0
2780 0.11116241 1.0
2800 0.08896071 1.0
2820 0.11017107 0.98333335
2840 0.0964223 1.0
2860 0.09968632 1.0
2880 0.13998525 0.98333335
2900 0.14822757 0.96666664
2920 0.11910115 1.0
2940 0.10007648 1.0
2960 0.09627473 1.0
2980 0.23959902 0.93333334
3000 0.108606994 1.0
3020 0.26062065 0.96666664
3040 0.10835547 1.0
3060 0.10930148 1.0
3080 0.09711526 1.0
3100 0.102392204 1.0
3120 0.09282617 1.0
3140 0.10300404 1.0
3160 0.09764816 1.0
3180 0.13147613 0.98333335
3200 0.10766577 0.98333335
3220 0.15543537 0.98333335
3240 0.094065994 1.0
3260 0.11243567 0.98333335
3280 0.09336868 1.0
3300 0.08632275 1.0
3320 0.08175981 1.0
3340 0.122073054 0.98333335
3360 0.09705491 1.0
3380 0.095431015 1.0
3400 0.09632783 1.0
3420 0.10003607 1.0
3440 0.11020559 0.98333335
3460 0.08024035 1.0
3480 0.07810134 1.0
3500 0.08347143 1.0
3520 0.0905965 1.0
3540 0.19847953 0.95
3560 0.07572019 1.0
3580 0.08456184 1.0
3600 0.08150707 1.0
3620 0.09325651 1.0
3640 0.10419683 1.0
3660 0.08856893 1.0
3680 0.10890236 0.98333335
3700 0.090297215 1.0
3720 0.087218076 1.0
3740 0.07872993 1.0
3760 0.091363 1.0
3780 0.10261032 0.98333335
3800 0.08193252 1.0
3820 0.08416815 1.0
3840 0.08027623 1.0
3860 0.08560924 1.0
3880 0.078902766 1.0
3900 0.07968013 1.0
3920 0.07915698 1.0
3940 0.17163265 0.96666664
3960 0.114832684 0.98333335
3980 0.09242217 1.0
4000 0.08837122 1.0
4020 0.08011295 1.0
4040 0.08357917 1.0
4060 0.078034796 1.0
4080 0.079631664 1.0
4100 0.074864745 1.0
4120 0.082623765 1.0
4140 0.10492395 1.0
4160 0.10039237 1.0
4180 0.08576327 1.0
4200 0.09227586 1.0
4220 0.11225018 1.0
4240 0.119791955 1.0
4260 0.2546332 0.96666664
4280 0.10050866 1.0
4300 0.08968501 1.0
4320 0.13465527 0.96666664
4340 0.090299636 1.0
4360 0.08362989 1.0
4380 0.07894331 1.0
4400 0.07742502 1.0
4420 0.07660202 1.0
4440 0.1002612 0.98333335
4460 0.07156801 1.0
4480 0.07160251 1.0
4500 0.06797379 1.0
4520 0.07280132 1.0
4540 0.06715247 1.0
4560 0.060813993 1.0
4580 0.06165856 1.0
4600 0.059378468 1.0
4620 0.06944083 1.0
4640 0.06313493 1.0
4660 0.064971015 1.0
4680 0.110293835 0.96666664
4700 0.10065846 0.98333335
4720 0.0651008 1.0
4740 0.11333829 0.96666664
4760 0.06797862 1.0
4780 0.058539726 1.0
4800 0.088042274 0.98333335
4820 0.061380472 1.0
4840 0.072502874 1.0
4860 0.063644245 1.0
4880 0.09445965 0.98333335
4900 0.06221343 1.0
4920 0.060072932 1.0
4940 0.06152098 1.0
4960 0.093505755 0.98333335
4980 0.06534343 1.0
5000 0.06534588 1.0
5020 0.075851165 1.0
5040 0.060693577 1.0
5060 0.061960913 1.0
5080 0.17849511 0.96666664
5100 0.08121887 1.0
5120 0.11074737 0.98333335
5140 0.082695186 1.0
5160 0.15678133 0.96666664
5180 0.08449668 1.0
5200 0.08078912 1.0
5220 0.07240012 1.0
5240 0.06712808 1.0
5260 0.07512723 1.0
5280 0.07283241 1.0
5300 0.07076536 1.0
5320 0.06730073 1.0
5340 0.09043154 0.98333335
5360 0.09217141 0.98333335
5380 0.0660056 1.0
5400 0.07229781 1.0
5420 0.07665682 1.0
5440 0.06665695 1.0
5460 0.06128749 1.0
5480 0.08437949 0.98333335
5500 0.06216789 1.0
5520 0.06540651 1.0
5540 0.06031648 1.0
5560 0.093754955 0.98333335
5580 0.058852218 1.0
5600 0.05800751 1.0
5620 0.057798423 1.0
5640 0.060525857 1.0
5660 0.05977256 1.0
5680 0.05600353 1.0
5700 0.055444613 1.0
5720 0.057130776 1.0
5740 0.055225834 1.0
5760 0.056381777 1.0
5780 0.059823092 1.0
5800 0.08541873 0.98333335
5820 0.06985588 1.0
5840 0.060702167 1.0
5860 0.055882767 1.0
5880 0.07410998 1.0
5900 0.06186083 1.0
5920 0.05817882 1.0
5940 0.06984156 1.0
5960 0.07573257 0.98333335
5980 0.056439377 1.0
6000 0.053508453 1.0
6020 0.08296761 0.98333335
6040 0.0577569 1.0
6060 0.060880452 1.0
6080 0.062189724 1.0
6100 0.062182505 1.0
6120 0.058346406 1.0
6140 0.0610457 1.0
6160 0.0529885 1.0
6180 0.08730913 0.98333335
6200 0.06636752 1.0
6220 0.058771733 1.0
6240 0.057045016 1.0
6260 0.0811874 0.98333335
6280 0.062487617 1.0
6300 0.06304434 1.0
6320 0.0635893 1.0
6340 0.05959703 1.0
6360 0.060597446 1.0
6380 0.05883763 1.0
6400 0.069293395 1.0
6420 0.073827654 1.0
6440 0.06452466 1.0
6460 0.058664586 1.0
6480 0.05339612 1.0
6500 0.06078335 1.0
6520 0.05441571 1.0
6540 0.054099075 1.0
6560 0.08664322 0.98333335
6580 0.06525142 1.0
6600 0.067212045 1.0
6620 0.07177307 1.0
6640 0.063031174 1.0
6660 0.058452003 1.0
6680 0.05694153 1.0
6700 0.052994616 1.0
6720 0.054689623 1.0
6740 0.09658242 0.96666664
6760 0.1533572 0.93333334
6780 0.084017046 1.0
6800 0.075087994 1.0
6820 0.072464705 1.0
6840 0.06936343 1.0
6860 0.07142134 1.0
6880 0.06243744 1.0
6900 0.06693778 1.0
6920 0.06879142 1.0
6940 0.080608934 1.0
6960 0.06901122 1.0
6980 0.06454517 1.0
7000 0.06853844 1.0
7020 0.06393321 1.0
7040 0.09166466 0.98333335
7060 0.07331318 0.98333335
7080 0.062924355 1.0
7100 0.06454287 1.0
7120 0.05844642 1.0
7140 0.05644902 1.0
7160 0.056552958 1.0
7180 0.057601646 1.0
7200 0.054296143 1.0
7220 0.062373847 1.0
7240 0.050423115 1.0
7260 0.049067408 1.0
7280 0.04938003 1.0
7300 0.047183238 1.0
7320 0.046161167 1.0
7340 0.04631356 1.0
7360 0.04726505 1.0
7380 0.047588237 1.0
7400 0.044388246 1.0
7420 0.04776506 1.0
7440 0.044687398 1.0
7460 0.047917806 1.0
7480 0.056677245 1.0
7500 0.061419368 1.0
7520 0.052122634 1.0
7540 0.053716302 1.0
7560 0.053391784 1.0
7580 0.05475662 1.0
7600 0.04800415 1.0
7620 0.048205856 1.0
7640 0.04728003 1.0
7660 0.05521728 1.0
7680 0.04721735 1.0
7700 0.124577865 0.96666664
7720 0.06330779 1.0
7740 0.05745788 1.0
7760 0.083301336 0.98333335
7780 0.062118746 1.0
7800 0.06616655 1.0
7820 0.0751456 0.98333335
7840 0.06370009 1.0
7860 0.070529684 1.0
7880 0.06094493 1.0
7900 0.06521477 1.0
7920 0.05716259 1.0
7940 0.06494568 1.0
7960 0.06267743 1.0
7980 0.05958545 1.0
8000 0.05482062 1.0
8020 0.057476766 1.0
8040 0.055168033 1.0
8060 0.058874294 1.0
8080 0.056045074 1.0
8100 0.053017877 1.0
8120 0.04800673 1.0
8140 0.056173347 1.0
8160 0.06470821 1.0
8180 0.06990756 1.0
8200 0.066385776 1.0
8220 0.060711205 1.0
8240 0.053728856 1.0
8260 0.05210661 1.0
8280 0.051095724 1.0
8300 0.053868704 1.0
8320 0.051389217 1.0
8340 0.048460547 1.0
8360 0.04733156 1.0
8380 0.047338884 1.0
8400 0.045068175 1.0
8420 0.10983893 0.98333335
8440 0.05270423 1.0
8460 0.0486575 1.0
8480 0.044351596 1.0
8500 0.044887893 1.0
8520 0.04416323 1.0
8540 0.044343676 1.0
8560 0.043060344 1.0
8580 0.04350877 1.0
8600 0.043220256 1.0
8620 0.045432888 1.0
8640 0.040489465 1.0
8660 0.04135136 1.0
8680 0.039795324 1.0
8700 0.044766523 1.0
8720 0.050220884 1.0
8740 0.19804688 0.95
8760 0.050838716 1.0
8780 0.058330342 1.0
8800 0.050922584 1.0
8820 0.04547308 1.0
8840 0.05088038 1.0
8860 0.047748286 1.0
8880 0.045357574 1.0
8900 0.055553857 1.0
8920 0.04749451 1.0
8940 0.0479379 1.0
8960 0.049310513 1.0
8980 0.08091046 0.98333335
9000 0.046475857 1.0
9020 0.04490853 1.0
9040 0.050766446 1.0
9060 0.044448916 1.0
9080 0.05464115 1.0
9100 0.04347241 1.0
9120 0.04472392 1.0
9140 0.04436212 1.0
9160 0.045003667 1.0
9180 0.04642662 1.0
9200 0.044236116 1.0
9220 0.04287615 1.0
9240 0.04231938 1.0
9260 0.040892933 1.0
9280 0.043389536 1.0
9300 0.04014214 1.0
9320 0.040298726 1.0
9340 0.04547648 1.0
9360 0.045975268 1.0
9380 0.05032248 1.0
9400 0.05442494 1.0
9420 0.06558068 1.0
9440 0.048386324 1.0
9460 0.046138734 1.0
9480 0.046588242 1.0
9500 0.061341465 0.98333335
9520 0.04780511 1.0
9540 0.04942123 1.0
9560 0.04648362 1.0
9580 0.0452471 1.0
9600 0.048244856 1.0
9620 0.047953054 1.0
9640 0.04582325 1.0
9660 0.04615739 1.0
9680 0.04727768 1.0
9700 0.041924547 1.0
9720 0.047638986 1.0
9740 0.059513696 1.0
9760 0.04527828 1.0
9780 0.043596588 1.0
9800 0.050240226 1.0
9820 0.041368745 1.0
9840 0.04198576 1.0
9860 0.039688118 1.0
9880 0.04136897 1.0
9900 0.0425013 1.0
9920 0.038449258 1.0
9940 0.042866338 1.0
9960 0.036402404 1.0
9980 0.036803067 1.0
10000 0.036197077 1.0
10020 0.04550089 1.0
10040 0.035792872 1.0
10060 0.041206818 1.0
10080 0.044878356 1.0
10100 0.038560815 1.0
10120 0.12165908 0.98333335
10140 0.04395489 1.0
10160 0.05385402 1.0
10180 0.044350922 1.0
10200 0.042668294 1.0
10220 0.051066782 1.0
10240 0.04586269 1.0
10260 0.042387858 1.0
10280 0.040971987 1.0
10300 0.045053184 1.0
10320 0.06786006 0.98333335
10340 0.04353898 1.0
10360 0.042517185 1.0
10380 0.043866843 1.0
10400 0.04572605 1.0
10420 0.04252868 1.0
10440 0.038843155 1.0
10460 0.036849063 1.0
10480 0.036806315 1.0
10500 0.043080896 1.0
10520 0.048758443 1.0
10540 0.06425301 1.0
10560 0.04697902 1.0
10580 0.057405595 1.0
10600 0.04378905 1.0
10620 0.044790424 1.0
10640 0.042783443 1.0
10660 0.041507095 1.0
10680 0.043320462 1.0
10700 0.0393157 1.0
10720 0.040711015 1.0
10740 0.049394518 1.0
10760 0.04287497 1.0
10780 0.038593538 1.0
10800 0.037723955 1.0
10820 0.041209072 1.0
10840 0.03921491 1.0
10860 0.036985494 1.0
10880 0.036754712 1.0
10900 0.039785158 1.0
10920 0.03608031 1.0
10940 0.03538564 1.0
10960 0.03501241 1.0
10980 0.047813457 1.0
11000 0.12207842 0.98333335
11020 0.045610487 1.0
11040 0.04270909 1.0
11060 0.039011233 1.0
11080 0.035788685 1.0
11100 0.036477238 1.0
11120 0.03488527 1.0
11140 0.03574381 1.0
11160 0.039669707 1.0
11180 0.06342953 0.98333335
11200 0.04279092 1.0
11220 0.043024495 1.0
11240 0.03715363 1.0
11260 0.045517057 1.0
11280 0.057648152 0.98333335
11300 0.041952956 1.0
11320 0.053722125 1.0
11340 0.04612062 1.0
11360 0.041531816 1.0
11380 0.05367364 1.0
11400 0.040061943 1.0
11420 0.03916946 1.0
11440 0.037934862 1.0
11460 0.0364096 1.0
11480 0.03719537 1.0
11500 0.03859584 1.0
11520 0.0367314 1.0
11540 0.035887763 1.0
11560 0.03628555 1.0
11580 0.035598084 1.0
11600 0.03387229 1.0
11620 0.035322733 1.0
11640 0.034696512 1.0
11660 0.034092814 1.0
11680 0.032774717 1.0
11700 0.033048086 1.0
11720 0.031856474 1.0
11740 0.03614524 1.0
11760 0.03497935 1.0
11780 0.03209067 1.0
11800 0.033700086 1.0
11820 0.036536418 1.0
11840 0.037964627 1.0
11860 0.036371477 1.0
11880 0.037703186 1.0
11900 0.03320682 1.0
11920 0.035330653 1.0
11940 0.037777014 1.0
11960 0.14979301 0.95
11980 0.10664198 0.96666664
12000 0.06498234 1.0
12020 0.06549883 0.98333335
12040 0.046730608 1.0
12060 0.0462581 1.0
12080 0.04880028 1.0
12100 0.043703422 1.0
12120 0.04171203 1.0
12140 0.041164048 1.0
12160 0.039538644 1.0
12180 0.04026319 1.0
12200 0.037494794 1.0
12220 0.038002633 1.0
12240 0.046213448 1.0
12260 0.04181408 1.0
12280 0.048632815 1.0
12300 0.040984668 1.0
12320 0.04022654 1.0
12340 0.045558028 1.0
12360 0.04060102 1.0
12380 0.03835013 1.0
12400 0.036394835 1.0
12420 0.03700667 1.0
12440 0.03894441 1.0
12460 0.037813693 1.0
12480 0.03620341 1.0
12500 0.034829933 1.0
12520 0.034363456 1.0
12540 0.03592662 1.0
12560 0.033492163 1.0
12580 0.03516134 1.0
12600 0.03688586 1.0
12620 0.033995412 1.0
12640 0.033147536 1.0
12660 0.033387415 1.0
12680 0.03288862 1.0
12700 0.033450115 1.0
12720 0.033877674 1.0
12740 0.03991333 1.0
12760 0.034625348 1.0
12780 0.036000334 1.0
12800 0.031257495 1.0
12820 0.031120853 1.0
12840 0.035502765 1.0
12860 0.03209525 1.0
12880 0.034013517 1.0
12900 0.030618923 1.0
12920 0.03278507 1.0
12940 0.031574752 1.0
12960 0.046173546 1.0
12980 0.036177862 1.0
13000 0.035711847 1.0
13020 0.03575714 1.0
13040 0.037828848 1.0
13060 0.05189549 1.0
13080 0.036500577 1.0
13100 0.03532647 1.0
13120 0.035924025 1.0
13140 0.035020713 1.0
13160 0.03273372 1.0
13180 0.033430785 1.0
13200 0.0341881 1.0
13220 0.031776592 1.0
13240 0.03292411 1.0
13260 0.031134889 1.0
13280 0.031289358 1.0
13300 0.03047667 1.0
13320 0.03837873 1.0
13340 0.030899446 1.0
13360 0.029811062 1.0
13380 0.031749975 1.0
13400 0.032679044 1.0
13420 0.02961791 1.0
13440 0.03548079 1.0
13460 0.030225297 1.0
13480 0.029338771 1.0
13500 0.029798316 1.0
13520 0.029008629 1.0
13540 0.028624194 1.0
13560 0.02806501 1.0
13580 0.02727919 1.0
13600 0.027481824 1.0
13620 0.028717145 1.0
13640 0.027858391 1.0
13660 0.031975385 1.0
13680 0.027340643 1.0
13700 0.029459795 1.0
13720 0.032708693 1.0
13740 0.031695936 1.0
13760 0.03413023 1.0
13780 0.062389873 0.98333335
13800 0.04666122 1.0
13820 0.036714204 1.0
13840 0.033793814 1.0
13860 0.03478208 1.0
13880 0.034313515 1.0
13900 0.033427782 1.0
13920 0.03369743 1.0
13940 0.03460937 1.0
13960 0.030576041 1.0
13980 0.03154991 1.0
14000 0.032208923 1.0
14020 0.031634893 1.0
14040 0.033294257 1.0
14060 0.031072957 1.0
14080 0.030188039 1.0
14100 0.030799314 1.0
14120 0.060016356 1.0
14140 0.039471 1.0
14160 0.040649343 1.0
14180 0.039736412 1.0
14200 0.037958287 1.0
14220 0.070294715 0.98333335
14240 0.04629253 1.0
14260 0.039794438 1.0
14280 0.036975577 1.0
14300 0.037577182 1.0
14320 0.03587551 1.0
14340 0.042896084 1.0
14360 0.042080447 1.0
14380 0.037346736 1.0
14400 0.03686861 1.0
14420 0.03790234 1.0
14440 0.067373045 0.98333335
14460 0.040148325 1.0
14480 0.03465406 1.0
14500 0.03930977 1.0
14520 0.038724594 1.0
14540 0.03460145 1.0
14560 0.03733598 1.0
14580 0.036655962 1.0
14600 0.03206418 1.0
14620 0.03386183 1.0
14640 0.030674182 1.0
14660 0.030144984 1.0
14680 0.029837126 1.0
14700 0.030217838 1.0
14720 0.029541 1.0
14740 0.031858146 1.0
14760 0.02980559 1.0
14780 0.029788809 1.0
14800 0.028889522 1.0
14820 0.028883122 1.0
14840 0.028686669 1.0
14860 0.031567186 1.0
14880 0.028025623 1.0
14900 0.030583236 1.0
14920 0.02917245 1.0
14940 0.029162884 1.0
14960 0.028295893 1.0
14980 0.02743156 1.0
15000 0.027880713 1.0
15020 0.027366234 1.0
15040 0.028665187 1.0
15060 0.027182627 1.0
15080 0.02686144 1.0
15100 0.026702045 1.0
15120 0.028612062 1.0
15140 0.03862634 1.0
15160 0.028503466 1.0
15180 0.029571613 1.0
15200 0.02998179 1.0
15220 0.028768055 1.0
15240 0.02709116 1.0
15260 0.028469436 1.0
15280 0.07488218 0.98333335
15300 0.05343485 1.0
15320 0.094583794 0.98333335
15340 0.065668896 0.98333335
15360 0.04075799 1.0
15380 0.036140546 1.0
15400 0.037668787 1.0
15420 0.037078533 1.0
15440 0.0336535 1.0
15460 0.033590592 1.0
15480 0.035098933 1.0
15500 0.03529568 1.0
15520 0.03209775 1.0
15540 0.03211828 1.0
15560 0.034259826 1.0
15580 0.032260817 1.0
15600 0.032329477 1.0
15620 0.044778198 1.0
15640 0.03327727 1.0
15660 0.03379399 1.0
15680 0.034547396 1.0
15700 0.03072261 1.0
15720 0.030295618 1.0
15740 0.030611934 1.0
15760 0.02956952 1.0
15780 0.02898838 1.0
15800 0.030348726 1.0
15820 0.029666808 1.0
15840 0.033197988 1.0
15860 0.032537684 1.0
15880 0.029532459 1.0
15900 0.030129245 1.0
15920 0.02799141 1.0
15940 0.03369309 1.0
15960 0.028465923 1.0
15980 0.027355 1.0
16000 0.027718311 1.0
16020 0.0269408 1.0
16040 0.026670696 1.0
16060 0.02745675 1.0
16080 0.026904741 1.0
16100 0.07169253 0.98333335
16120 0.03317596 1.0
16140 0.0380034 1.0
16160 0.033024967 1.0
16180 0.03138002 1.0
16200 0.030740894 1.0
16220 0.03144373 1.0
16240 0.031961758 1.0
16260 0.03031341 1.0
16280 0.027693652 1.0
16300 0.029151222 1.0
16320 0.02716327 1.0
16340 0.027944282 1.0
16360 0.026390657 1.0
16380 0.03316319 1.0
16400 0.02952275 1.0
16420 0.027567193 1.0
16440 0.028779862 1.0
16460 0.026853766 1.0
16480 0.029632885 1.0
16500 0.032061096 1.0
16520 0.028202772 1.0
16540 0.030678125 1.0
16560 0.027994685 1.0
16580 0.027579043 1.0
16600 0.029267848 1.0
16620 0.02903311 1.0
16640 0.026230566 1.0
16660 0.02709091 1.0
16680 0.026465103 1.0
16700 0.037461814 1.0
16720 0.026549893 1.0
16740 0.030644355 1.0
16760 0.033918604 1.0
16780 0.036940575 1.0
16800 0.03981411 0.98333335
16820 0.03574823 1.0
16840 0.042799216 1.0
16860 0.03590753 1.0
16880 0.035944495 1.0
16900 0.038656075 1.0
16920 0.03247354 1.0
16940 0.033140324 1.0
16960 0.034891307 1.0
16980 0.03148146 1.0
17000 0.030953057 1.0
17020 0.031177847 1.0
17040 0.034147903 1.0
17060 0.02981539 1.0
17080 0.030006777 1.0
17100 0.029438812 1.0
17120 0.029633688 1.0
17140 0.0280529 1.0
17160 0.028977357 1.0
17180 0.053076398 0.98333335
17200 0.030577362 1.0
17220 0.03253022 1.0
17240 0.036537047 1.0
17260 0.033441395 1.0
17280 0.034966778 1.0
17300 0.032275513 1.0
17320 0.031142537 1.0
17340 0.031794704 1.0
17360 0.03085744 1.0
17380 0.037040606 1.0
17400 0.030073471 1.0
17420 0.030535175 1.0
17440 0.02924867 1.0
17460 0.03266891 1.0
17480 0.02868929 1.0
17500 0.031229574 1.0
17520 0.029996607 1.0
17540 0.029344637 1.0
17560 0.033207104 1.0
17580 0.028932638 1.0
17600 0.028708082 1.0
17620 0.02932214 1.0
17640 0.028628845 1.0
17660 0.028331064 1.0
17680 0.027913105 1.0
17700 0.029591212 1.0
17720 0.02802542 1.0
17740 0.028256984 1.0
17760 0.027569965 1.0
17780 0.026315127 1.0
17800 0.026870253 1.0
17820 0.029004183 1.0
17840 0.032627523 1.0
17860 0.027649049 1.0
17880 0.026208175 1.0
17900 0.025646403 1.0
17920 0.0259587 1.0
17940 0.026192807 1.0
17960 0.028304968 1.0
17980 0.025979135 1.0
18000 0.02532928 1.0
18020 0.025027886 1.0
18040 0.0330803 1.0
18060 0.024412178 1.0
18080 0.03528911 1.0
18100 0.024797078 1.0
18120 0.024232171 1.0
18140 0.02474477 1.0
18160 0.024006706 1.0
18180 0.027497798 1.0
18200 0.025133826 1.0
18220 0.02621216 1.0
18240 0.049442142 0.98333335
18260 0.03632658 1.0
18280 0.037890796 1.0
18300 0.03553392 1.0
18320 0.04716208 1.0
18340 0.033736676 1.0
18360 0.02900916 1.0
18380 0.028980706 1.0
18400 0.030115403 1.0
18420 0.028854145 1.0
18440 0.030229 1.0
18460 0.0435275 1.0
18480 0.028488254 1.0
18500 0.037383705 1.0
18520 0.028174756 1.0
18540 0.028389355 1.0
18560 0.027913423 1.0
18580 0.02783204 1.0
18600 0.027987909 1.0
18620 0.03067401 1.0
18640 0.029358558 1.0
18660 0.027798766 1.0
18680 0.029553952 1.0
18700 0.02759054 1.0
18720 0.032776177 1.0
18740 0.026406035 1.0
18760 0.027816737 1.0
18780 0.027204666 1.0
18800 0.027036175 1.0
18820 0.028333213 1.0
18840 0.027669158 1.0
18860 0.028248485 1.0
18880 0.028973885 1.0
18900 0.028350595 1.0
18920 0.029858628 1.0
18940 0.028135233 1.0
18960 0.029018154 1.0
18980 0.027108703 1.0
19000 0.027466524 1.0
19020 0.027844617 1.0
19040 0.02702035 1.0
19060 0.027713232 1.0
19080 0.02621755 1.0
19100 0.026193317 1.0
19120 0.026616039 1.0
19140 0.0313824 1.0
19160 0.026624825 1.0
19180 0.029447759 1.0
19200 0.025913108 1.0
19220 0.027636692 1.0
19240 0.026206352 1.0
19260 0.025909351 1.0
19280 0.024952602 1.0
19300 0.024248999 1.0
19320 0.024734631 1.0
19340 0.02396551 1.0
19360 0.023986496 1.0
19380 0.024218787 1.0
19400 0.023402996 1.0
19420 0.02422948 1.0
19440 0.024106516 1.0
19460 0.024238098 1.0
19480 0.024019293 1.0
19500 0.027029399 1.0
19520 0.031369086 1.0
19540 0.029365452 1.0
19560 0.03278675 1.0
19580 0.027500825 1.0
19600 0.02548648 1.0
19620 0.024728056 1.0
19640 0.06338443 0.98333335
19660 0.033244442 1.0
19680 0.043501467 1.0
19700 0.028954176 1.0
19720 0.026157133 1.0
19740 0.026251685 1.0
19760 0.027110662 1.0
19780 0.026561055 1.0
19800 0.024695318 1.0
19820 0.02475954 1.0
19840 0.024555687 1.0
19860 0.02496684 1.0
19880 0.03264145 1.0
19900 0.02389374 1.0
19920 0.024956353 1.0
19940 0.024321444 1.0
19960 0.02362561 1.0
19980 0.02468181 1.0
20000 0.022978073 1.0
20020 0.023743173 1.0
20040 0.023419272 1.0
20060 0.027454399 1.0
20080 0.022889722 1.0
20100 0.023066904 1.0
20120 0.032779794 1.0
20140 0.022494528 1.0
20160 0.023562342 1.0
20180 0.022370234 1.0
20200 0.022915915 1.0
20220 0.022290945 1.0
20240 0.024093118 1.0
20260 0.022354376 1.0
20280 0.022748806 1.0
20300 0.022549387 1.0
20320 0.032659955 1.0
20340 0.025939938 1.0
20360 0.026435768 1.0
20380 0.03154286 1.0
20400 0.024639463 1.0
20420 0.024731245 1.0
20440 0.053739615 0.98333335
20460 0.033113256 1.0
20480 0.032043733 1.0
20500 0.03575502 1.0
20520 0.026599396 1.0
20540 0.030315181 1.0
20560 0.028719625 1.0
20580 0.086417 0.98333335
20600 0.02884886 1.0
20620 0.028844712 1.0
20640 0.07715251 0.98333335
20660 0.027443849 1.0
20680 0.028129952 1.0
20700 0.028460907 1.0
20720 0.026708078 1.0
20740 0.025458805 1.0
20760 0.025898963 1.0
20780 0.027775317 1.0
20800 0.026631607 1.0
20820 0.02594484 1.0
20840 0.025952488 1.0
20860 0.024159372 1.0
20880 0.024338951 1.0
20900 0.02377716 1.0
20920 0.024715729 1.0
20940 0.024242394 1.0
20960 0.023750838 1.0
20980 0.023280978 1.0
21000 0.023031201 1.0
21020 0.023049282 1.0
21040 0.023815282 1.0
21060 0.022667535 1.0
21080 0.02483301 1.0
21100 0.023507407 1.0
21120 0.023289422 1.0
21140 0.022637386 1.0
21160 0.023114827 1.0
21180 0.023499105 1.0
21200 0.02348362 1.0
21220 0.023230046 1.0
21240 0.023985047 1.0
21260 0.024940161 1.0
21280 0.02502577 1.0
21300 0.022821628 1.0
21320 0.07367478 0.98333335
21340 0.028901942 1.0
21360 0.03337388 1.0
21380 0.02809256 1.0
21400 0.042812087 1.0
21420 0.026741518 1.0
21440 0.025230734 1.0
21460 0.02553351 1.0
21480 0.0282302 1.0
21500 0.036210433 1.0
21520 0.028157208 1.0
21540 0.025726996 1.0
21560 0.025975138 1.0
21580 0.025250593 1.0
21600 0.025190456 1.0
21620 0.025220599 1.0
21640 0.026727714 1.0
21660 0.025778065 1.0
21680 0.023688002 1.0
21700 0.035807665 1.0
21720 0.03591853 1.0
21740 0.0241754 1.0
21760 0.025694449 1.0
21780 0.024502821 1.0
21800 0.036689878 1.0
21820 0.024684768 1.0
21840 0.023760892 1.0
21860 0.02317253 1.0
21880 0.024371367 1.0
21900 0.023389567 1.0
21920 0.023847708 1.0
21940 0.022465037 1.0
21960 0.023034878 1.0
21980 0.023422265 1.0
22000 0.022885513 1.0
22020 0.022653658 1.0
22040 0.023307774 1.0
22060 0.021567047 1.0
22080 0.021231107 1.0
22100 0.022366248 1.0
22120 0.021885866 1.0
22140 0.022004932 1.0
22160 0.022743646 1.0
22180 0.022210184 1.0
22200 0.022941351 1.0
22220 0.022253841 1.0
22240 0.023458168 1.0
22260 0.021466538 1.0
22280 0.024284389 1.0
22300 0.021760501 1.0
22320 0.021144282 1.0
22340 0.02325277 1.0
22360 0.022741845 1.0
22380 0.024439111 1.0
22400 0.054666795 0.98333335
22420 0.029197946 1.0
22440 0.024499057 1.0
22460 0.023560125 1.0
22480 0.023581784 1.0
22500 0.023165032 1.0
22520 0.02557062 1.0
22540 0.02944436 1.0
22560 0.025313139 1.0
22580 0.023471717 1.0
22600 0.0636156 0.98333335
22620 0.027918043 1.0
22640 0.029421102 1.0
22660 0.026397979 1.0
22680 0.025450822 1.0
22700 0.026963271 1.0
22720 0.028690193 1.0
22740 0.027363759 1.0
22760 0.025035355 1.0
22780 0.025512572 1.0
22800 0.02971195 1.0
22820 0.02430261 1.0
22840 0.026317868 1.0
22860 0.027139647 1.0
22880 0.023550745 1.0
22900 0.024926472 1.0
22920 0.023021437 1.0
22940 0.023929883 1.0
22960 0.026500512 1.0
22980 0.02482676 1.0
23000 0.023941271 1.0
23020 0.022961918 1.0
23040 0.031691834 1.0
23060 0.024512004 1.0
23080 0.025589306 1.0
23100 0.028299294 1.0
23120 0.024522552 1.0
23140 0.023961797 1.0
23160 0.023354921 1.0
23180 0.026117567 1.0
23200 0.024504669 1.0
23220 0.06939934 0.98333335
23240 0.024131164 1.0
23260 0.028059961 1.0
23280 0.025525004 1.0
23300 0.07356453 0.98333335
23320 0.02967396 1.0
23340 0.026485603 1.0
23360 0.025432106 1.0
23380 0.02821744 1.0
23400 0.027111713 1.0
23420 0.024984766 1.0
23440 0.024875809 1.0
23460 0.024438296 1.0
23480 0.025601827 1.0
23500 0.023943929 1.0
23520 0.023427878 1.0
23540 0.023762915 1.0
23560 0.023164202 1.0
23580 0.026225287 1.0
23600 0.02427679 1.0
23620 0.024778843 1.0
23640 0.024584414 1.0
23660 0.029546939 1.0
23680 0.025505524 1.0
23700 0.025266409 1.0
23720 0.024335718 1.0
23740 0.024715751 1.0
23760 0.023106854 1.0
23780 0.03605296 1.0
23800 0.026869208 1.0
23820 0.026042795 1.0
23840 0.02608534 1.0
23860 0.10462839 0.96666664
23880 0.028015472 1.0
23900 0.026950013 1.0
23920 0.025409304 1.0
23940 0.030007055 1.0
23960 0.025061589 1.0
23980 0.024493039 1.0
24000 0.024554038 1.0
24020 0.024800975 1.0
24040 0.028498664 1.0
24060 0.026862264 1.0
24080 0.026268233 1.0
24100 0.024868086 1.0
24120 0.02444299 1.0
24140 0.024976706 1.0
24160 0.024499409 1.0
24180 0.024442174 1.0
24200 0.024448678 1.0
24220 0.027001357 1.0
24240 0.024943996 1.0
24260 0.02534274 1.0
24280 0.027689153 1.0
24300 0.022816174 1.0
24320 0.022780653 1.0
24340 0.022989467 1.0
24360 0.02246512 1.0
24380 0.028069198 1.0
24400 0.02407979 1.0
24420 0.023498004 1.0
24440 0.02233618 1.0
24460 0.023285704 1.0
24480 0.024201285 1.0
24500 0.022448868 1.0
24520 0.021715928 1.0
24540 0.022575725 1.0
24560 0.021921165 1.0
24580 0.021794558 1.0
24600 0.022518136 1.0
24620 0.021093637 1.0
24640 0.02091384 1.0
24660 0.020808928 1.0
24680 0.020994421 1.0
24700 0.02285619 1.0
24720 0.021321919 1.0
24740 0.020954149 1.0
24760 0.02142788 1.0
24780 0.020347426 1.0
24800 0.021015264 1.0
24820 0.021389175 1.0
24840 0.020522468 1.0
24860 0.024111874 1.0
24880 0.02125889 1.0
24900 0.021177921 1.0
24920 0.020581556 1.0
24940 0.020643558 1.0
24960 0.02423722 1.0
24980 0.020735022 1.0
25000 0.021715075 1.0
25020 0.022854183 1.0
25040 0.021739945 1.0
25060 0.02113073 1.0
25080 0.02081143 1.0
25100 0.021707471 1.0
25120 0.02106528 1.0
25140 0.020099318 1.0
25160 0.02644973 1.0
25180 0.020107491 1.0
25200 0.020203285 1.0
25220 0.020361952 1.0
25240 0.03862689 0.98333335
25260 0.02126756 1.0
25280 0.022993177 1.0
25300 0.022366434 1.0
25320 0.02640715 1.0
25340 0.027904592 1.0
25360 0.13163264 0.98333335
25380 0.028240573 1.0
25400 0.027116098 1.0
25420 0.03181409 1.0
25440 0.025250003 1.0
25460 0.023308787 1.0
25480 0.024372548 1.0
25500 0.023934226 1.0
25520 0.023224372 1.0
25540 0.02203625 1.0
25560 0.02360332 1.0
25580 0.021841567 1.0
25600 0.022959728 1.0
25620 0.02136895 1.0
25640 0.022321135 1.0
25660 0.02137367 1.0
25680 0.02464677 1.0
25700 0.021891182 1.0
25720 0.02578373 1.0
25740 0.05007544 0.98333335
25760 0.025546264 1.0
25780 0.04543546 0.98333335
25800 0.02339597 1.0
25820 0.02420504 1.0
25840 0.024015509 1.0
25860 0.02615757 1.0
25880 0.024055757 1.0
25900 0.022986934 1.0
25920 0.022483002 1.0
25940 0.023948822 1.0
25960 0.024861861 1.0
25980 0.022372408 1.0
26000 0.022021975 1.0
26020 0.022527404 1.0
26040 0.024992678 1.0
26060 0.033277813 1.0
26080 0.021643376 1.0
26100 0.021890141 1.0
26120 0.022587482 1.0
26140 0.021894794 1.0
26160 0.021409217 1.0
26180 0.020938866 1.0
26200 0.022898551 1.0
26220 0.020901317 1.0
26240 0.021493314 1.0
26260 0.02271789 1.0
26280 0.020857967 1.0
26300 0.020701628 1.0
26320 0.024871659 1.0
26340 0.021370482 1.0
26360 0.022590324 1.0
26380 0.023518953 1.0
26400 0.023861893 1.0
26420 0.025867194 1.0
26440 0.02488298 1.0
26460 0.023226954 1.0
26480 0.024433255 1.0
26500 0.023633521 1.0
26520 0.022086466 1.0
26540 0.022556769 1.0
26560 0.022600781 1.0
26580 0.02895262 1.0
26600 0.022246886 1.0
26620 0.022933204 1.0
26640 0.023485057 1.0
26660 0.021500263 1.0
26680 0.023225047 1.0
26700 0.021544047 1.0
26720 0.02196441 1.0
26740 0.021587431 1.0
26760 0.020963032 1.0
26780 0.021516763 1.0
26800 0.022126723 1.0
26820 0.022548163 1.0
26840 0.021152303 1.0
26860 0.021227606 1.0
26880 0.021328568 1.0
26900 0.025875231 1.0
26920 0.024432782 1.0
26940 0.020762421 1.0
26960 0.021351945 1.0
26980 0.021458764 1.0
27000 0.022131868 1.0
27020 0.020981029 1.0
27040 0.02147971 1.0
27060 0.020754691 1.0
27080 0.020390952 1.0
27100 0.021472175 1.0
27120 0.027281756 1.0
27140 0.023463871 1.0
27160 0.021664666 1.0
27180 0.022386165 1.0
27200 0.020999126 1.0
27220 0.022367096 1.0
27240 0.021165285 1.0
27260 0.02158456 1.0
27280 0.021110924 1.0
27300 0.020354006 1.0
27320 0.020076362 1.0
27340 0.02074888 1.0
27360 0.020203054 1.0
27380 0.024362892 1.0
27400 0.023622077 1.0
27420 0.021614585 1.0
27440 0.020686088 1.0
27460 0.02262336 1.0
27480 0.019855749 1.0
27500 0.0212659 1.0
27520 0.01940212 1.0
27540 0.021338234 1.0
27560 0.019220496 1.0
27580 0.019187426 1.0
27600 0.018825496 1.0
27620 0.021208826 1.0
27640 0.019794669 1.0
27660 0.019475585 1.0
27680 0.020168971 1.0
27700 0.023780044 1.0
27720 0.02046123 1.0
27740 0.06734216 0.98333335
27760 0.023072163 1.0
27780 0.030855669 1.0
27800 0.026608888 1.0
27820 0.0818812 0.96666664
27840 0.036047004 1.0
27860 0.02660319 1.0
27880 0.08362884 0.98333335
27900 0.025346082 1.0
27920 0.02430863 1.0
27940 0.02394862 1.0
27960 0.023173878 1.0
27980 0.025116382 1.0
28000 0.025861233 1.0
28020 0.02280108 1.0
28040 0.028253678 1.0
28060 0.022725746 1.0
28080 0.02227054 1.0
28100 0.023179356 1.0
28120 0.022410687 1.0
28140 0.030575208 1.0
28160 0.022107277 1.0
28180 0.02175554 1.0
28200 0.0219552 1.0
28220 0.022366984 1.0
28240 0.02147618 1.0
28260 0.02110317 1.0
28280 0.022052757 1.0
28300 0.022033488 1.0
28320 0.02204223 1.0
28340 0.021391837 1.0
28360 0.020825919 1.0
28380 0.02298475 1.0
28400 0.020495404 1.0
28420 0.019978065 1.0
28440 0.022120347 1.0
28460 0.01976898 1.0
28480 0.020167205 1.0
28500 0.020522308 1.0
28520 0.019631973 1.0
28540 0.02036204 1.0
28560 0.019392712 1.0
28580 0.019637018 1.0
28600 0.019910209 1.0
28620 0.022353915 1.0
28640 0.019701809 1.0
28660 0.019053515 1.0
28680 0.023293113 1.0
28700 0.023775972 1.0
28720 0.02212895 1.0
28740 0.020611268 1.0
28760 0.019672409 1.0
28780 0.020459175 1.0
28800 0.01912577 1.0
28820 0.019214485 1.0
28840 0.0199572 1.0
28860 0.022302091 1.0
28880 0.0193987 1.0
28900 0.019740254 1.0
28920 0.019042794 1.0
28940 0.018936997 1.0
28960 0.02079824 1.0
28980 0.019047104 1.0
29000 0.019574163 1.0
29020 0.019056799 1.0
29040 0.029339153 1.0
29060 0.022480829 1.0
29080 0.02524605 1.0
29100 0.020382522 1.0
29120 0.021009497 1.0
29140 0.024222389 1.0
29160 0.021954104 1.0
29180 0.022969928 1.0
29200 0.020005649 1.0
29220 0.020788273 1.0
29240 0.024900129 1.0
29260 0.019945027 1.0
29280 0.019547153 1.0
29300 0.019929867 1.0
29320 0.020347986 1.0
29340 0.02006478 1.0
29360 0.031873826 1.0
29380 0.023668662 1.0
29400 0.024509478 1.0
29420 0.022409879 1.0
29440 0.023286179 1.0
29460 0.04276681 1.0
29480 0.023818921 1.0
29500 0.022660725 1.0
29520 0.024779331 1.0
29540 0.02214257 1.0
29560 0.031701192 1.0
29580 0.021735098 1.0
29600 0.023945622 1.0
29620 0.021125231 1.0
29640 0.022512134 1.0
29660 0.15982525 0.96666664
29680 0.024810795 1.0
29700 0.02417661 1.0
29720 0.022977334 1.0
29740 0.02557995 1.0
29760 0.022416003 1.0
29780 0.0231464 1.0
29800 0.024378194 1.0
29820 0.026268225 1.0
29840 0.022373691 1.0
29860 0.023178395 1.0
29880 0.022654383 1.0
29900 0.02207757 1.0
29920 0.02096041 1.0
29940 0.022794906 1.0
29960 0.022370247 1.0
29980 0.021612 1.0
30000 0.022587402 1.0
30020 0.021248274 1.0
30040 0.021133548 1.0
30060 0.020584377 1.0
30080 0.023204625 1.0
30100 0.02196452 1.0
30120 0.020636512 1.0
30140 0.020807996 1.0
30160 0.019946687 1.0
30180 0.024684548 1.0
30200 0.020932194 1.0
30220 0.020461239 1.0
30240 0.02055417 1.0
30260 0.020455942 1.0
30280 0.01987267 1.0
30300 0.019931488 1.0
30320 0.020331686 1.0
30340 0.0196671 1.0
30360 0.019487128 1.0
30380 0.01938735 1.0
30400 0.020262014 1.0
30420 0.02131746 1.0
30440 0.020544507 1.0
30460 0.019463265 1.0
30480 0.019303631 1.0
30500 0.019185273 1.0
30520 0.019827252 1.0
30540 0.019299611 1.0
30560 0.019452117 1.0
30580 0.021575738 1.0
30600 0.018949889 1.0
30620 0.019033294 1.0
30640 0.02004552 1.0
30660 0.019296454 1.0
30680 0.018797496 1.0
30700 0.01866869 1.0
30720 0.018679822 1.0
30740 0.019006941 1.0
30760 0.018420214 1.0
30780 0.019682057 1.0
30800 0.018344318 1.0
30820 0.018585116 1.0
30840 0.018810833 1.0
30860 0.018226244 1.0
30880 0.018007748 1.0
30900 0.01820601 1.0
30920 0.01791016 1.0
30940 0.018362347 1.0
30960 0.018742608 1.0
30980 0.019195598 1.0
31000 0.01857703 1.0
31020 0.019298991 1.0
31040 0.01866561 1.0
31060 0.017783862 1.0
31080 0.024973305 1.0
31100 0.018606313 1.0
31120 0.018627096 1.0
31140 0.018673783 1.0
31160 0.017985523 1.0
31180 0.017710036 1.0
31200 0.018066984 1.0
31220 0.036911067 0.98333335
31240 0.018557556 1.0
31260 0.018635033 1.0
31280 0.01883756 1.0
31300 0.01904909 1.0
31320 0.04755875 0.98333335
31340 0.01999113 1.0
31360 0.038124494 1.0
31380 0.020659724 1.0
31400 0.021909352 1.0
31420 0.03247054 1.0
31440 0.033933625 1.0
31460 0.023162115 1.0
31480 0.022338506 1.0
31500 0.022877995 1.0
31520 0.023676801 1.0
31540 0.022413155 1.0
31560 0.023491213 1.0
31580 0.02408646 1.0
31600 0.03920865 1.0
31620 0.02216448 1.0
31640 0.02151243 1.0
31660 0.022360435 1.0
31680 0.021982396 1.0
31700 0.02046825 1.0
31720 0.020877434 1.0
31740 0.020786311 1.0
31760 0.019951321 1.0
31780 0.021129776 1.0
31800 0.02308131 1.0
31820 0.02100917 1.0
31840 0.021229025 1.0
31860 0.020924415 1.0
31880 0.021563992 1.0
31900 0.020750407 1.0
31920 0.022057232 1.0
31940 0.021268731 1.0
31960 0.022836715 1.0
31980 0.019951938 1.0
32000 0.02039573 1.0
32020 0.02138323 1.0
32040 0.020046929 1.0
32060 0.02001762 1.0
32080 0.020024445 1.0
32100 0.02039459 1.0
32120 0.02106173 1.0
32140 0.019022191 1.0
32160 0.019214353 1.0
32180 0.020860584 1.0
32200 0.02034024 1.0
32220 0.01883903 1.0
32240 0.018869147 1.0
32260 0.029652793 1.0
32280 0.019336607 1.0
32300 0.019390253 1.0
32320 0.01922867 1.0
32340 0.019034617 1.0
32360 0.019018639 1.0
32380 0.019111153 1.0
32400 0.021339169 1.0
32420 0.018409379 1.0
32440 0.021853603 1.0
32460 0.023031084 1.0
32480 0.019196833 1.0
32500 0.021443153 1.0
32520 0.019630466 1.0
32540 0.018868372 1.0
32560 0.019476632 1.0
32580 0.027822249 1.0
32600 0.020719945 1.0
32620 0.020720687 1.0
32640 0.018919492 1.0
32660 0.019508166 1.0
32680 0.020514904 1.0
32700 0.02143388 1.0
32720 0.018584713 1.0
32740 0.01970469 1.0
32760 0.018394563 1.0
32780 0.019232102 1.0
32800 0.020233028 1.0
32820 0.02265412 1.0
32840 0.018134981 1.0
32860 0.018495576 1.0
32880 0.018639471 1.0
32900 0.019404452 1.0
32920 0.01921436 1.0
32940 0.019710725 1.0
32960 0.022750532 1.0
32980 0.018042605 1.0
33000 0.018107368 1.0
33020 0.018008439 1.0
33040 0.018441604 1.0
33060 0.017796434 1.0
33080 0.017791297 1.0
33100 0.017713243 1.0
33120 0.017701572 1.0
33140 0.018971438 1.0
33160 0.017548194 1.0
33180 0.018104313 1.0
33200 0.018037608 1.0
33220 0.021062933 1.0
33240 0.017397258 1.0
33260 0.021087568 1.0
33280 0.017509235 1.0
33300 0.01868565 1.0
33320 0.024182461 1.0
33340 0.04788393 0.98333335
33360 0.021363148 1.0
33380 0.021068217 1.0
33400 0.027878428 1.0
33420 0.019368783 1.0
33440 0.020177707 1.0
33460 0.020364143 1.0
33480 0.019570818 1.0
33500 0.018849019 1.0
33520 0.019781463 1.0
33540 0.049151212 0.98333335
33560 0.021177936 1.0
33580 0.02333884 1.0
33600 0.02009606 1.0
33620 0.022474028 1.0
33640 0.021974593 1.0
33660 0.021111494 1.0
33680 0.021576919 1.0
33700 0.02294389 1.0
33720 0.021055745 1.0
33740 0.028785208 1.0
33760 0.035985973 1.0
33780 0.020313138 1.0
33800 0.01970506 1.0
33820 0.01936875 1.0
33840 0.019571334 1.0
33860 0.020426152 1.0
33880 0.020016912 1.0
33900 0.018963588 1.0
33920 0.018492159 1.0
33940 0.01868751 1.0
33960 0.02023605 1.0
33980 0.018793354 1.0
34000 0.01829076 1.0
34020 0.018208183 1.0
34040 0.01868621 1.0
34060 0.019336788 1.0
34080 0.021637004 1.0
34100 0.020114264 1.0
34120 0.0189455 1.0
34140 0.018718993 1.0
34160 0.018220317 1.0
34180 0.017928725 1.0
34200 0.018930998 1.0
34220 0.028979221 1.0
34240 0.018197324 1.0
34260 0.018307028 1.0
34280 0.021160023 1.0
34300 0.018353548 1.0
34320 0.017862236 1.0
34340 0.019839944 1.0
34360 0.018107569 1.0
34380 0.018327955 1.0
34400 0.017631609 1.0
34420 0.018333627 1.0
34440 0.017899502 1.0
34460 0.019153114 1.0
34480 0.018207345 1.0
34500 0.017823199 1.0
34520 0.01835545 1.0
34540 0.017756902 1.0
34560 0.01861778 1.0
34580 0.017788952 1.0
34600 0.020344652 1.0
34620 0.02191384 1.0
34640 0.020858113 1.0
34660 0.023823813 1.0
34680 0.019354157 1.0
34700 0.019766884 1.0
34720 0.020581594 1.0
34740 0.017851448 1.0
34760 0.020802649 1.0
34780 0.017968675 1.0
34800 0.018715857 1.0
34820 0.019725943 1.0
34840 0.019449852 1.0
34860 0.018843792 1.0
34880 0.01874734 1.0
34900 0.021273334 1.0
34920 0.019059274 1.0
34940 0.018690785 1.0
34960 0.018920962 1.0
34980 0.031069696 1.0
35000 0.02484962 1.0
35020 0.020079566 1.0
35040 0.021526739 1.0
35060 0.027219739 1.0
35080 0.019538341 1.0
35100 0.019178929 1.0
35120 0.019271916 1.0
35140 0.018167973 1.0
35160 0.018430635 1.0
35180 0.018660434 1.0
35200 0.023267575 1.0
35220 0.07271123 0.96666664
35240 0.034018632 1.0
35260 0.02484769 1.0
35280 0.02030268 1.0
35300 0.023008903 1.0
35320 0.021137824 1.0
35340 0.020510696 1.0
35360 0.021492831 1.0
35380 0.02121522 1.0
35400 0.023956414 1.0
35420 0.020123117 1.0
35440 0.021812133 1.0
35460 0.024207246 1.0
35480 0.022616599 1.0
35500 0.020904493 1.0
35520 0.020129465 1.0
35540 0.026264548 1.0
35560 0.0196484 1.0
35580 0.021341307 1.0
35600 0.020360198 1.0
35620 0.021122338 1.0
35640 0.020285599 1.0
35660 0.01941068 1.0
35680 0.018942187 1.0
35700 0.018662777 1.0
35720 0.02540315 1.0
35740 0.019740127 1.0
35760 0.01857599 1.0
35780 0.01846653 1.0
35800 0.020343527 1.0
35820 0.01832744 1.0
35840 0.017994557 1.0
35860 0.018727109 1.0
35880 0.018219076 1.0
35900 0.020264935 1.0
35920 0.018416218 1.0
35940 0.019939512 1.0
35960 0.01862789 1.0
35980 0.018265614 1.0
36000 0.018017385 1.0
36020 0.018141381 1.0
36040 0.018153546 1.0
36060 0.020254068 1.0
36080 0.018623345 1.0
36100 0.017841559 1.0
36120 0.017856054 1.0
36140 0.019104138 1.0
36160 0.018540153 1.0
36180 0.018404324 1.0
36200 0.017836899 1.0
36220 0.020255826 1.0
36240 0.019055445 1.0
36260 0.017652543 1.0
36280 0.019253265 1.0
36300 0.018220032 1.0
36320 0.017565269 1.0
36340 0.017551538 1.0
36360 0.01745069 1.0
36380 0.01805227 1.0
36400 0.018270578 1.0
36420 0.017541336 1.0
36440 0.027073195 1.0
36460 0.017433409 1.0
36480 0.017654937 1.0
36500 0.01759498 1.0
36520 0.017337766 1.0
36540 0.021381397 1.0
36560 0.017739035 1.0
36580 0.018846534 1.0
36600 0.017272498 1.0
36620 0.017025616 1.0
36640 0.01814069 1.0
36660 0.016710032 1.0
36680 0.016656775 1.0
36700 0.017767519 1.0
36720 0.016739033 1.0
36740 0.017202571 1.0
36760 0.016898371 1.0
36780 0.018208269 1.0
36800 0.018967293 1.0
36820 0.017344577 1.0
36840 0.017948356 1.0
36860 0.017831586 1.0
36880 0.018110868 1.0
36900 0.020476291 1.0
36920 0.018306766 1.0
36940 0.02244824 1.0
36960 0.16304159 0.98333335
36980 0.0233102 1.0
37000 0.057378873 0.98333335
37020 0.035071325 1.0
37040 0.025524905 1.0
37060 0.02064168 1.0
37080 0.049997106 0.98333335
37100 0.020627923 1.0
37120 0.021236585 1.0
37140 0.02023448 1.0
37160 0.019295298 1.0
37180 0.024014048 1.0
37200 0.022997092 1.0
37220 0.019460607 1.0
37240 0.020361789 1.0
37260 0.02022098 1.0
37280 0.021272905 1.0
37300 0.019250441 1.0
37320 0.02427884 1.0
37340 0.018824391 1.0
37360 0.018500548 1.0
37380 0.020296754 1.0
37400 0.020201039 1.0
37420 0.018541731 1.0
37440 0.018610936 1.0
37460 0.018143686 1.0
37480 0.018947655 1.0
37500 0.020453762 1.0
37520 0.018469673 1.0
37540 0.018545229 1.0
37560 0.018808195 1.0
37580 0.019360054 1.0
37600 0.01855739 1.0
37620 0.017728627 1.0
37640 0.017769175 1.0
37660 0.017879352 1.0
37680 0.01766486 1.0
37700 0.017819751 1.0
37720 0.017734507 1.0
37740 0.018520053 1.0
37760 0.020573737 1.0
37780 0.023755684 1.0
37800 0.017779384 1.0
37820 0.018250253 1.0
37840 0.017435217 1.0
37860 0.017458953 1.0
37880 0.018255092 1.0
37900 0.017538456 1.0
37920 0.019304208 1.0
37940 0.017422754 1.0
37960 0.01767645 1.0
37980 0.02158856 1.0
38000 0.017281968 1.0
38020 0.018235128 1.0
38040 0.045181666 0.98333335
38060 0.020796489 1.0
38080 0.019162102 1.0
38100 0.019008871 1.0
38120 0.01899905 1.0
38140 0.031925116 1.0
38160 0.018061267 1.0
38180 0.019131068 1.0
38200 0.034411572 0.98333335
38220 0.020254316 1.0
38240 0.022105757 1.0
38260 0.018594755 1.0
38280 0.017693907 1.0
38300 0.018458407 1.0
38320 0.018673573 1.0
38340 0.018039357 1.0
38360 0.018887348 1.0
38380 0.018696822 1.0
38400 0.017850617 1.0
38420 0.017720068 1.0
38440 0.018046325 1.0
38460 0.01793158 1.0
38480 0.01761666 1.0
38500 0.017888045 1.0
38520 0.017264975 1.0
38540 0.05119545 0.98333335
38560 0.027813956 1.0
38580 0.017879004 1.0
38600 0.018190868 1.0
38620 0.01803198 1.0
38640 0.01787467 1.0
38660 0.018855194 1.0
38680 0.018589873 1.0
38700 0.017579153 1.0
38720 0.01736565 1.0
38740 0.019850135 1.0
38760 0.017386924 1.0
38780 0.020121962 1.0
38800 0.017418696 1.0
38820 0.016966764 1.0
38840 0.01822211 1.0
38860 0.020579012 1.0
38880 0.017050289 1.0
38900 0.020239854 1.0
38920 0.017258547 1.0
38940 0.017907586 1.0
38960 0.017442135 1.0
38980 0.017453495 1.0
39000 0.017681718 1.0
39020 0.02042541 1.0
39040 0.020423986 1.0
39060 0.02623588 1.0
39080 0.018776713 1.0
39100 0.01923194 1.0
39120 0.05016469 0.98333335
39140 0.02403612 1.0
39160 0.020026775 1.0
39180 0.021583524 1.0
39200 0.020519141 1.0
39220 0.022537325 1.0
39240 0.018547699 1.0
39260 0.019468587 1.0
39280 0.019550273 1.0
39300 0.021324662 1.0
39320 0.018592473 1.0
39340 0.0187537 1.0
39360 0.017995419 1.0
39380 0.018470043 1.0
39400 0.019107059 1.0
39420 0.018149815 1.0
39440 0.017758202 1.0
39460 0.019038578 1.0
39480 0.019048164 1.0
39500 0.01758783 1.0
39520 0.018506771 1.0
39540 0.018401911 1.0
39560 0.0178366 1.0
39580 0.017274853 1.0
39600 0.017711882 1.0
39620 0.018812647 1.0
39640 0.017589968 1.0
39660 0.024076639 1.0
39680 0.017251795 1.0
39700 0.016976858 1.0
39720 0.01726768 1.0
39740 0.018210707 1.0
39760 0.016917327 1.0
39780 0.017264869 1.0
39800 0.017035833 1.0
39820 0.017466873 1.0
39840 0.01784254 1.0
39860 0.018489223 1.0
39880 0.01714522 1.0
39900 0.017496359 1.0
39920 0.017048208 1.0
39940 0.017140634 1.0
39960 0.017128138 1.0
39980 0.017459128 1.0
40000 0.017391227 1.0
40020 0.017355701 1.0
40040 0.018648468 1.0
40060 0.016448645 1.0
40080 0.016901622 1.0
40100 0.023792714 1.0
40120 0.016999407 1.0
40140 0.018058557 1.0
40160 0.017919363 1.0
40180 0.017554516 1.0
40200 0.016887411 1.0
40220 0.01716055 1.0
40240 0.016817492 1.0
40260 0.01838848 1.0
40280 0.025641833 1.0
40300 0.017226346 1.0
40320 0.020037327 1.0
40340 0.01861211 1.0
40360 0.018573808 1.0
40380 0.017041415 1.0
40400 0.017436756 1.0
40420 0.017537821 1.0
40440 0.018378397 1.0
40460 0.018128298 1.0
40480 0.01690347 1.0
40500 0.01715456 1.0
40520 0.01705587 1.0
40540 0.01952369 1.0
40560 0.01816782 1.0
40580 0.01666755 1.0
40600 0.020878568 1.0
40620 0.017190699 1.0
40640 0.019630522 1.0
40660 0.018411547 1.0
40680 0.017663559 1.0
40700 0.01848682 1.0
40720 0.01746978 1.0
40740 0.018355632 1.0
40760 0.01868444 1.0
40780 0.018403204 1.0
40800 0.019075036 1.0
40820 0.018097907 1.0
40840 0.024641942 1.0
40860 0.018564217 1.0
40880 0.020615563 1.0
40900 0.027868886 1.0
40920 0.018355196 1.0
40940 0.017845 1.0
40960 0.021140033 1.0
40980 0.016752508 1.0
41000 0.018628377 1.0
41020 0.017247766 1.0
41040 0.017371919 1.0
41060 0.017588934 1.0
41080 0.016586062 1.0
41100 0.01706991 1.0
41120 0.016593128 1.0
41140 0.016446488 1.0
41160 0.020165116 1.0
41180 0.016794072 1.0
41200 0.017182838 1.0
41220 0.017270956 1.0
41240 0.016665641 1.0
41260 0.016523885 1.0
41280 0.01667684 1.0
41300 0.017962972 1.0
41320 0.020320797 1.0
41340 0.016764555 1.0
41360 0.016129522 1.0
41380 0.016259832 1.0
41400 0.017305572 1.0
41420 0.01749784 1.0
41440 0.017361647 1.0
41460 0.016926574 1.0
41480 0.016635187 1.0
41500 0.018050937 1.0
41520 0.031279393 1.0
41540 0.022285115 1.0
41560 0.019293055 1.0
41580 0.02009394 1.0
41600 0.018850738 1.0
41620 0.04044048 0.98333335
41640 0.018821081 1.0
41660 0.017680574 1.0
41680 0.019066976 1.0
41700 0.017189622 1.0
41720 0.018019231 1.0
41740 0.020003468 1.0
41760 0.018043095 1.0
41780 0.017383676 1.0
41800 0.03827397 1.0
41820 0.021198139 1.0
41840 0.019224972 1.0
41860 0.019978188 1.0
41880 0.022157263 1.0
41900 0.018948281 1.0
41920 0.018303571 1.0
41940 0.018920593 1.0
41960 0.01825035 1.0
41980 0.020649008 1.0
42000 0.01932903 1.0
42020 0.017988693 1.0
42040 0.019074397 1.0
42060 0.018876437 1.0
42080 0.020213775 1.0
42100 0.018412976 1.0
42120 0.017697865 1.0
42140 0.019138202 1.0
42160 0.017389428 1.0
42180 0.017723154 1.0
42200 0.024393981 1.0
42220 0.01748005 1.0
42240 0.018607765 1.0
42260 0.02071356 1.0
42280 0.021857709 1.0
42300 0.017937638 1.0
42320 0.018476948 1.0
42340 0.019352209 1.0
42360 0.0177017 1.0
42380 0.016981456 1.0
42400 0.018499848 1.0
42420 0.017682029 1.0
42440 0.017511604 1.0
42460 0.017261595 1.0
42480 0.017056927 1.0
42500 0.017217178 1.0
42520 0.01662144 1.0
42540 0.016697789 1.0
42560 0.016948292 1.0
42580 0.017778546 1.0
42600 0.021068498 1.0
42620 0.017486798 1.0
42640 0.016799215 1.0
42660 0.016788911 1.0
42680 0.016535498 1.0
42700 0.01687072 1.0
42720 0.01679964 1.0
42740 0.01706875 1.0
42760 0.016423486 1.0
42780 0.016896326 1.0
42800 0.01641167 1.0
42820 0.017000804 1.0
42840 0.01607624 1.0
42860 0.016319633 1.0
42880 0.01617761 1.0
42900 0.016535647 1.0
42920 0.016241966 1.0
42940 0.016644865 1.0
42960 0.016096197 1.0
42980 0.015944663 1.0
43000 0.016221406 1.0
43020 0.017337076 1.0
43040 0.016290547 1.0
43060 0.016014362 1.0
43080 0.015926799 1.0
43100 0.016014002 1.0
43120 0.050303996 0.98333335
43140 0.0358542 1.0
43160 0.020777097 1.0
43180 0.027796343 1.0
43200 0.018815445 1.0
43220 0.029881058 1.0
43240 0.01948921 1.0
43260 0.019094037 1.0
43280 0.01716603 1.0
43300 0.01868254 1.0
43320 0.019425554 1.0
43340 0.019939955 1.0
43360 0.019040968 1.0
43380 0.018531274 1.0
43400 0.018425 1.0
43420 0.017395595 1.0
43440 0.017827608 1.0
43460 0.01851027 1.0
43480 0.01783238 1.0
43500 0.017550103 1.0
43520 0.017156698 1.0
43540 0.018769642 1.0
43560 0.031315394 0.98333335
43580 0.018405624 1.0
43600 0.01773258 1.0
43620 0.019223604 1.0
43640 0.018337186 1.0
43660 0.017899591 1.0
43680 0.018329712 1.0
43700 0.018182272 1.0
43720 0.017022215 1.0
43740 0.017241206 1.0
43760 0.017654046 1.0
43780 0.016550131 1.0
43800 0.016737858 1.0
43820 0.016687915 1.0
43840 0.018223858 1.0
43860 0.017941754 1.0
43880 0.017508423 1.0
43900 0.017832953 1.0
43920 0.017491758 1.0
43940 0.01785073 1.0
43960 0.018648041 1.0
43980 0.017689627 1.0
44000 0.016644817 1.0
44020 0.0165812 1.0
44040 0.016198136 1.0
44060 0.016103223 1.0
44080 0.016196173 1.0
44100 0.016364159 1.0
44120 0.01736075 1.0
44140 0.016785461 1.0
44160 0.016552847 1.0
44180 0.018814683 1.0
44200 0.023318984 1.0
44220 0.017262166 1.0
44240 0.016631726 1.0
44260 0.016609771 1.0
44280 0.017114885 1.0
44300 0.016279269 1.0
44320 0.019322082 1.0
44340 0.017558018 1.0
44360 0.016423274 1.0
44380 0.01732672 1.0
44400 0.017448373 1.0
44420 0.019974027 1.0
44440 0.01657585 1.0
44460 0.019096753 1.0
44480 0.01615037 1.0
44500 0.018994305 1.0
44520 0.016257403 1.0
44540 0.016927337 1.0
44560 0.015882619 1.0
44580 0.01670736 1.0
44600 0.016356122 1.0
44620 0.016751803 1.0
44640 0.016050618 1.0
44660 0.016353322 1.0
44680 0.015722781 1.0
44700 0.01653938 1.0
44720 0.018077359 1.0
44740 0.017029462 1.0
44760 0.016370123 1.0
44780 0.017046582 1.0
44800 0.020053292 1.0
44820 0.01883768 1.0
44840 0.01652239 1.0
44860 0.016750194 1.0
44880 0.017945327 1.0
44900 0.016970292 1.0
44920 0.01793246 1.0
44940 0.016837705 1.0
44960 0.017616058 1.0
44980 0.01696855 1.0
45000 0.01623587 1.0
45020 0.016512925 1.0
45040 0.023691926 1.0
45060 0.09411934 0.96666664
45080 0.021140061 1.0
45100 0.028540121 1.0
45120 0.019296605 1.0
45140 0.018321987 1.0
45160 0.017936932 1.0
45180 0.018444072 1.0
45200 0.017687224 1.0
45220 0.019396314 1.0
45240 0.020302009 1.0
45260 0.017556034 1.0
45280 0.018461067 1.0
45300 0.0184447 1.0
45320 0.020445703 1.0
45340 0.019294016 1.0
45360 0.017618977 1.0
45380 0.017394118 1.0
45400 0.018178355 1.0
45420 0.017286388 1.0
45440 0.01703421 1.0
45460 0.01758964 1.0
45480 0.017106384 1.0
45500 0.017039007 1.0
45520 0.016706899 1.0
45540 0.0173596 1.0
45560 0.018590039 1.0
45580 0.026007699 1.0
45600 0.019659609 1.0
45620 0.024031438 1.0
45640 0.018433712 1.0
45660 0.018401206 1.0
45680 0.017304055 1.0
45700 0.017361542 1.0
45720 0.030535217 1.0
45740 0.01788011 1.0
45760 0.017830774 1.0
45780 0.017112182 1.0
45800 0.01758366 1.0
45820 0.017401686 1.0
45840 0.017318003 1.0
45860 0.017306803 1.0
45880 0.021693408 1.0
45900 0.01737443 1.0
45920 0.016789392 1.0
45940 0.017441656 1.0
45960 0.016865376 1.0
45980 0.019864786 1.0
46000 0.017299496 1.0
46020 0.01702438 1.0
46040 0.0172365 1.0
46060 0.016960014 1.0
46080 0.016900465 1.0
46100 0.016494706 1.0
46120 0.019438991 1.0
46140 0.0164674 1.0
46160 0.017117687 1.0
46180 0.017032048 1.0
46200 0.016395345 1.0
46220 0.016239287 1.0
46240 0.016632974 1.0
46260 0.017050337 1.0
46280 0.016333036 1.0
46300 0.017014228 1.0
46320 0.016124498 1.0
46340 0.01657813 1.0
46360 0.016971704 1.0
46380 0.016199458 1.0
46400 0.020538399 1.0
46420 0.016136253 1.0
46440 0.016443549 1.0
46460 0.016306635 1.0
46480 0.016353756 1.0
46500 0.015889991 1.0
46520 0.015831362 1.0
46540 0.01702832 1.0
46560 0.015991433 1.0
46580 0.01669295 1.0
46600 0.016137103 1.0
46620 0.016383946 1.0
46640 0.016150568 1.0
46660 0.016225915 1.0
46680 0.016674325 1.0
46700 0.015758086 1.0
46720 0.016607441 1.0
46740 0.016310064 1.0
46760 0.016266864 1.0
46780 0.01546651 1.0
46800 0.015610739 1.0
46820 0.021133278 1.0
46840 0.017058915 1.0
46860 0.016073678 1.0
46880 0.017220417 1.0
46900 0.016427267 1.0
46920 0.016496358 1.0
46940 0.017409187 1.0
46960 0.016392674 1.0
46980 0.016987603 1.0
47000 0.016700694 1.0
47020 0.018116014 1.0
47040 0.01626948 1.0
47060 0.015985163 1.0
47080 0.016765926 1.0
47100 0.016318548 1.0
47120 0.017319325 1.0
47140 0.01662804 1.0
47160 0.01950454 1.0
47180 0.022453465 1.0
47200 0.017849512 1.0
47220 0.017002098 1.0
47240 0.018286498 1.0
47260 0.016706109 1.0
47280 0.016859705 1.0
47300 0.017086683 1.0
47320 0.017177954 1.0
47340 0.016922008 1.0
47360 0.016313368 1.0
47380 0.016262475 1.0
47400 0.016980272 1.0
47420 0.018204624 1.0
47440 0.016453078 1.0
47460 0.017057283 1.0
47480 0.021920769 1.0
47500 0.017284142 1.0
47520 0.016148254 1.0
47540 0.016307224 1.0
47560 0.016277056 1.0
47580 0.016047591 1.0
47600 0.017253023 1.0
47620 0.017646642 1.0
47640 0.017560132 1.0
47660 0.019135227 1.0
47680 0.0172565 1.0
47700 0.017198492 1.0
47720 0.017991725 1.0
47740 0.016298741 1.0
47760 0.016513359 1.0
47780 0.016305331 1.0
47800 0.01757635 1.0
47820 0.015718712 1.0
47840 0.015817875 1.0
47860 0.01668645 1.0
47880 0.01571668 1.0
47900 0.018391153 1.0
47920 0.015979506 1.0
47940 0.015715346 1.0
47960 0.016246261 1.0
47980 0.015511833 1.0
48000 0.015385747 1.0
48020 0.01563717 1.0
48040 0.021326717 1.0
48060 0.015548449 1.0
48080 0.015385224 1.0
48100 0.015509802 1.0
48120 0.016095512 1.0
48140 0.015960593 1.0
48160 0.020014895 1.0
48180 0.017369723 1.0
48200 0.04878271 0.98333335
48220 0.020295633 1.0
48240 0.016888995 1.0
48260 0.019790974 1.0
48280 0.018280592 1.0
48300 0.015926082 1.0
48320 0.019156639 1.0
48340 0.016858434 1.0
48360 0.0177635 1.0
48380 0.018427307 1.0
48400 0.01801862 1.0
48420 0.018674528 1.0
48440 0.021281315 1.0
48460 0.016605677 1.0
48480 0.016766587 1.0
48500 0.016732324 1.0
48520 0.016157132 1.0
48540 0.016364625 1.0
48560 0.016839033 1.0
48580 0.01634431 1.0
48600 0.016086668 1.0
48620 0.0164189 1.0
48640 0.017352737 1.0
48660 0.01611575 1.0
48680 0.017242454 1.0
48700 0.016608968 1.0
48720 0.034182366 1.0
48740 0.015883747 1.0
48760 0.016347194 1.0
48780 0.018233076 1.0
48800 0.016660018 1.0
48820 0.016526919 1.0
48840 0.015926398 1.0
48860 0.01854007 1.0
48880 0.016442908 1.0
48900 0.018048562 1.0
48920 0.015858334 1.0
48940 0.015546317 1.0
48960 0.016181838 1.0
48980 0.017017867 1.0
49000 0.01744138 1.0
49020 0.017626109 1.0
49040 0.016121114 1.0
49060 0.022003517 1.0
49080 0.01606987 1.0
49100 0.016725035 1.0
49120 0.016294993 1.0
49140 0.016874831 1.0
49160 0.01578864 1.0
49180 0.015858777 1.0
49200 0.017214019 1.0
49220 0.017123032 1.0
49240 0.016267141 1.0
49260 0.01677287 1.0
49280 0.016816996 1.0
49300 0.016065642 1.0
49320 0.015417034 1.0
49340 0.015530042 1.0
49360 0.018236365 1.0
49380 0.015776336 1.0
49400 0.015712451 1.0
49420 0.020894472 1.0
49440 0.015526295 1.0
49460 0.016576756 1.0
49480 0.016437398 1.0
49500 0.01543233 1.0
49520 0.016070463 1.0
49540 0.016012242 1.0
49560 0.015672872 1.0
49580 0.015397858 1.0
49600 0.015518335 1.0
49620 0.016029948 1.0
49640 0.015825074 1.0
49660 0.017639715 1.0
49680 0.017984023 1.0
49700 0.018192817 1.0
49720 0.020168995 1.0
49740 0.021430492 1.0
49760 0.018636232 1.0
49780 0.016652923 1.0
49800 0.016388614 1.0
49820 0.018999906 1.0
49840 0.018264217 1.0
49860 0.031412005 0.98333335
49880 0.01711003 1.0
49900 0.018639011 1.0
49920 0.016857738 1.0
49940 0.017300624 1.0
49960 0.017445832 1.0
49980 0.017708164 1.0
50000 0.016514372 1.0
50020 0.01636761 1.0
50040 0.016812561 1.0
50060 0.016339993 1.0
50080 0.017180564 1.0
50100 0.017294241 1.0
50120 0.016374636 1.0
50140 0.016280133 1.0
50160 0.030278867 0.98333335
50180 0.01806217 1.0
50200 0.017019805 1.0
50220 0.01671435 1.0
50240 0.015764235 1.0
50260 0.01612943 1.0
50280 0.01627917 1.0
50300 0.018616503 1.0
50320 0.015972847 1.0
50340 0.017748594 1.0
50360 0.017305369 1.0
50380 0.016104618 1.0
50400 0.017080171 1.0
50420 0.0165136 1.0
50440 0.015993955 1.0
50460 0.015864737 1.0
50480 0.01602014 1.0
50500 0.016379455 1.0
50520 0.015567386 1.0
50540 0.015955541 1.0
50560 0.016003706 1.0
50580 0.01682075 1.0
50600 0.015312788 1.0
50620 0.015447887 1.0
50640 0.016013838 1.0
50660 0.015386503 1.0
50680 0.016350193 1.0
50700 0.016466245 1.0
50720 0.015486395 1.0
50740 0.01627715 1.0
50760 0.016964652 1.0
50780 0.01672812 1.0
50800 0.0153468605 1.0
50820 0.01589802 1.0
50840 0.015299868 1.0
50860 0.015519835 1.0
50880 0.017249066 1.0
50900 0.016392367 1.0
50920 0.016274214 1.0
50940 0.015733955 1.0
50960 0.016892241 1.0
50980 0.019809889 1.0
51000 0.016137276 1.0
51020 0.017385107 1.0
51040 0.01691229 1.0
51060 0.025381988 1.0
51080 0.016128574 1.0
51100 0.016263094 1.0
51120 0.019216293 1.0
51140 0.016082257 1.0
51160 0.016999135 1.0
51180 0.016918167 1.0
51200 0.015974166 1.0
51220 0.021760952 1.0
51240 0.016160648 1.0
51260 0.016803794 1.0
51280 0.015837321 1.0
51300 0.015133906 1.0
51320 0.016894333 1.0
51340 0.01704299 1.0
51360 0.015815686 1.0
51380 0.015868401 1.0
51400 0.019433703 1.0
51420 0.0155112045 1.0
51440 0.015448347 1.0
51460 0.015319642 1.0
51480 0.019979822 1.0
51500 0.016963925 1.0
51520 0.01565966 1.0
51540 0.015438227 1.0
51560 0.01566726 1.0
51580 0.017500708 1.0
51600 0.015421787 1.0
51620 0.020247225 1.0
51640 0.016011953 1.0
51660 0.01592588 1.0
51680 0.015795715 1.0
51700 0.016534284 1.0
51720 0.01707876 1.0
51740 0.015323639 1.0
51760 0.014924394 1.0
51780 0.015284213 1.0
51800 0.01514513 1.0
51820 0.015610704 1.0
51840 0.025186386 1.0
51860 0.015504623 1.0
51880 0.016491458 1.0
51900 0.016011167 1.0
51920 0.015814887 1.0
51940 0.018174404 1.0
51960 0.01703092 1.0
51980 0.01678002 1.0
52000 0.015715115 1.0
52020 0.015935294 1.0
52040 0.017896164 1.0
52060 0.015961137 1.0
52080 0.015258668 1.0
52100 0.015258266 1.0
52120 0.0152637465 1.0
52140 0.015387975 1.0
52160 0.015774861 1.0
52180 0.017844932 1.0
52200 0.0152833145 1.0
52220 0.015547888 1.0
52240 0.015423468 1.0
52260 0.016008906 1.0
52280 0.014855739 1.0
52300 0.015126441 1.0
52320 0.0150445085 1.0
52340 0.014755535 1.0
52360 0.015669059 1.0
52380 0.014873578 1.0
52400 0.04599145 0.98333335
52420 0.026062094 1.0
52440 0.019189926 1.0
52460 0.015915127 1.0
52480 0.01641173 1.0
52500 0.01602111 1.0
52520 0.017763862 1.0
52540 0.03353559 0.98333335
52560 0.01680217 1.0
52580 0.016466869 1.0
52600 0.016603874 1.0
52620 0.016001817 1.0
52640 0.020683382 1.0
52660 0.018322574 1.0
52680 0.016334122 1.0
52700 0.015571475 1.0
52720 0.015505901 1.0
52740 0.016398534 1.0
52760 0.016231839 1.0
52780 0.01646947 1.0
52800 0.015830027 1.0
52820 0.015572843 1.0
52840 0.015395013 1.0
52860 0.01632953 1.0
52880 0.0152245015 1.0
52900 0.015261354 1.0
52920 0.015551344 1.0
52940 0.015452049 1.0
52960 0.015267863 1.0
52980 0.017036367 1.0
53000 0.015607089 1.0
53020 0.014991185 1.0
53040 0.015452942 1.0
53060 0.015560046 1.0
53080 0.015013076 1.0
53100 0.015510166 1.0
53120 0.015581116 1.0
53140 0.014911469 1.0
53160 0.015044186 1.0
53180 0.018498827 1.0
53200 0.014726517 1.0
53220 0.015014897 1.0
53240 0.016530462 1.0
53260 0.016441546 1.0
53280 0.014713438 1.0
53300 0.014863314 1.0
53320 0.017798148 1.0
53340 0.015683388 1.0
53360 0.014880262 1.0
53380 0.015150466 1.0
53400 0.015675291 1.0
53420 0.014848754 1.0
53440 0.014657799 1.0
53460 0.01760276 1.0
53480 0.015059291 1.0
53500 0.014727048 1.0
53520 0.0148192085 1.0
53540 0.014580543 1.0
53560 0.015344904 1.0
53580 0.015028657 1.0
53600 0.014836034 1.0
53620 0.015008986 1.0
53640 0.015437931 1.0
53660 0.014692249 1.0
53680 0.015486876 1.0
53700 0.015267938 1.0
53720 0.014771212 1.0
53740 0.014730762 1.0
53760 0.014492825 1.0
53780 0.015002912 1.0
53800 0.015782591 1.0
53820 0.015369972 1.0
53840 0.015291205 1.0
53860 0.015825626 1.0
53880 0.015611103 1.0
53900 0.014842143 1.0
53920 0.014565954 1.0
53940 0.015224088 1.0
53960 0.014444798 1.0
53980 0.015229253 1.0
54000 0.014663478 1.0
54020 0.016882207 1.0
54040 0.0152063565 1.0
54060 0.014996262 1.0
54080 0.018289957 1.0
54100 0.06116643 0.98333335
54120 0.016667057 1.0
54140 0.020989306 1.0
54160 0.015589832 1.0
54180 0.015756387 1.0
54200 0.015810655 1.0
54220 0.015252018 1.0
54240 0.015511755 1.0
54260 0.016809551 1.0
54280 0.016322976 1.0
54300 0.01576842 1.0
54320 0.01586712 1.0
54340 0.021100853 1.0
54360 0.016486704 1.0
54380 0.015507279 1.0
54400 0.015999785 1.0
54420 0.015063241 1.0
54440 0.01678989 1.0
54460 0.025227416 1.0
54480 0.017785471 1.0
54500 0.016226431 1.0
54520 0.015865237 1.0
54540 0.017742237 1.0
54560 0.016574176 1.0
54580 0.016144864 1.0
54600 0.015609784 1.0
54620 0.01630807 1.0
54640 0.015994575 1.0
54660 0.01687726 1.0
54680 0.016412843 1.0
54700 0.015898459 1.0
54720 0.016691325 1.0
54740 0.01657705 1.0
54760 0.015988866 1.0
54780 0.015817003 1.0
54800 0.040559255 0.98333335
54820 0.015967922 1.0
54840 0.058196537 0.98333335
54860 0.01773622 1.0
54880 0.01668353 1.0
54900 0.047160864 0.98333335
54920 0.01655265 1.0
54940 0.017334659 1.0
54960 0.016447468 1.0
54980 0.016697034 1.0
55000 0.019332547 1.0
55020 0.01756021 1.0
55040 0.015934039 1.0
55060 0.015940923 1.0
55080 0.022236599 1.0
55100 0.015595113 1.0
55120 0.015415365 1.0
55140 0.018766925 1.0
55160 0.015575967 1.0
55180 0.015615446 1.0
55200 0.017461963 1.0
55220 0.017552374 1.0
55240 0.01590006 1.0
55260 0.03285828 0.98333335
55280 0.01591169 1.0
55300 0.015883353 1.0
55320 0.017242646 1.0
55340 0.016701318 1.0
55360 0.01526551 1.0
55380 0.015885979 1.0
55400 0.01517076 1.0
55420 0.015681077 1.0
55440 0.014896816 1.0
55460 0.015331248 1.0
55480 0.01608548 1.0
55500 0.016956393 1.0
55520 0.015781177 1.0
55540 0.015115647 1.0
55560 0.015375036 1.0
55580 0.015064627 1.0
55600 0.01583867 1.0
55620 0.014857018 1.0
55640 0.02421102 1.0
55660 0.014798921 1.0
55680 0.015680209 1.0
55700 0.014747731 1.0
55720 0.018545058 1.0
55740 0.015312569 1.0
55760 0.015654732 1.0
55780 0.015370352 1.0
55800 0.014874819 1.0
55820 0.014774717 1.0
55840 0.014936542 1.0
55860 0.01492995 1.0
55880 0.015063547 1.0
55900 0.015538909 1.0
55920 0.014526621 1.0
55940 0.014428068 1.0
55960 0.014348669 1.0
55980 0.016620621 1.0
56000 0.0143975895 1.0
56020 0.015356751 1.0
56040 0.015131945 1.0
56060 0.015469823 1.0
56080 0.015936358 1.0
56100 0.014532682 1.0
56120 0.014738327 1.0
56140 0.0153369475 1.0
56160 0.014809253 1.0
56180 0.016649567 1.0
56200 0.014918253 1.0
56220 0.016431974 1.0
56240 0.016887587 1.0
56260 0.0148071665 1.0
56280 0.015073935 1.0
56300 0.016768146 1.0
56320 0.015049616 1.0
56340 0.014597951 1.0
56360 0.014707456 1.0
56380 0.015494233 1.0
56400 0.018280888 1.0
56420 0.014556162 1.0
56440 0.015025916 1.0
56460 0.014957576 1.0
56480 0.014683137 1.0
56500 0.014439965 1.0
56520 0.015105363 1.0
56540 0.014728954 1.0
56560 0.014084899 1.0
56580 0.014693795 1.0
56600 0.017138347 1.0
56620 0.015531829 1.0
56640 0.0140806325 1.0
56660 0.014159272 1.0
56680 0.01465879 1.0
56700 0.014675304 1.0
56720 0.015275238 1.0
56740 0.016468998 1.0
56760 0.015854273 1.0
56780 0.016383328 1.0
56800 0.015552539 1.0
56820 0.014930096 1.0
56840 0.017606694 1.0
56860 0.015839312 1.0
56880 0.016509682 1.0
56900 0.014644141 1.0
56920 0.015396515 1.0
56940 0.019836456 1.0
56960 0.019323325 1.0
56980 0.016626064 1.0
57000 0.017127557 1.0
57020 0.023722196 1.0
57040 0.01524812 1.0
57060 0.016238557 1.0
57080 0.016254984 1.0
57100 0.015908845 1.0
57120 0.041399166 0.98333335
57140 0.015889693 1.0
57160 0.01608259 1.0
57180 0.015569648 1.0
57200 0.015843386 1.0
57220 0.015970998 1.0
57240 0.0154249985 1.0
57260 0.019490734 1.0
57280 0.015257625 1.0
57300 0.019021522 1.0
57320 0.01534263 1.0
57340 0.015107002 1.0
57360 0.015997928 1.0
57380 0.015022524 1.0
57400 0.015751604 1.0
57420 0.018236052 1.0
57440 0.015479604 1.0
57460 0.015447393 1.0
57480 0.015049363 1.0
57500 0.01655605 1.0
57520 0.016154775 1.0
57540 0.01614352 1.0
57560 0.018582197 1.0
57580 0.015154375 1.0
57600 0.015452577 1.0
57620 0.015479225 1.0
57640 0.014937138 1.0
57660 0.018556722 1.0
57680 0.017491408 1.0
57700 0.015549945 1.0
57720 0.020287005 1.0
57740 0.014961105 1.0
57760 0.015348164 1.0
57780 0.014897134 1.0
57800 0.014848323 1.0
57820 0.01554171 1.0
57840 0.014640147 1.0
57860 0.014864719 1.0
57880 0.02406335 1.0
57900 0.015623148 1.0
57920 0.027161278 1.0
57940 0.014889287 1.0
57960 0.015006222 1.0
57980 0.015043788 1.0
58000 0.01471653 1.0
58020 0.014760267 1.0
58040 0.015655776 1.0
58060 0.017765934 1.0
58080 0.014894088 1.0
58100 0.018317385 1.0
58120 0.014955623 1.0
58140 0.01563814 1.0
58160 0.01570793 1.0
58180 0.015281977 1.0
58200 0.016052147 1.0
58220 0.016336208 1.0
58240 0.015491059 1.0
58260 0.017326182 1.0
58280 0.0150551535 1.0
58300 0.0150881 1.0
58320 0.015591396 1.0
58340 0.014954959 1.0
58360 0.014700001 1.0
58380 0.015606396 1.0
58400 0.016427662 1.0
58420 0.016659679 1.0
58440 0.01584117 1.0
58460 0.015425492 1.0
58480 0.014905393 1.0
58500 0.014798298 1.0
58520 0.01520083 1.0
58540 0.014688101 1.0
58560 0.015476831 1.0
58580 0.01675758 1.0
58600 0.015162226 1.0
58620 0.014911288 1.0
58640 0.015304312 1.0
58660 0.01726701 1.0
58680 0.018755572 1.0
58700 0.01524193 1.0
58720 0.0147944465 1.0
58740 0.015162177 1.0
58760 0.014615208 1.0
58780 0.014713747 1.0
58800 0.0144935055 1.0
58820 0.016359452 1.0
58840 0.015010108 1.0
58860 0.014683107 1.0
58880 0.014749497 1.0
58900 0.014891034 1.0
58920 0.015330181 1.0
58940 0.014629929 1.0
58960 0.014885921 1.0
58980 0.014487762 1.0
59000 0.014761519 1.0
59020 0.016200945 1.0
59040 0.014247188 1.0
59060 0.018496335 1.0
59080 0.015608297 1.0
59100 0.014708995 1.0
59120 0.014597962 1.0
59140 0.014529258 1.0
59160 0.015229806 1.0
59180 0.014627454 1.0
59200 0.014575538 1.0
59220 0.01442047 1.0
59240 0.014328741 1.0
59260 0.015579322 1.0
59280 0.014293302 1.0
59300 0.014609592 1.0
59320 0.014287716 1.0
59340 0.015213393 1.0
59360 0.015280062 1.0
59380 0.014629966 1.0
59400 0.014627656 1.0
59420 0.015370371 1.0
59440 0.01646048 1.0
59460 0.018143447 1.0
59480 0.0155346785 1.0
59500 0.017927092 1.0
59520 0.030853208 0.98333335
59540 0.01779196 1.0
59560 0.015493524 1.0
59580 0.016152997 1.0
59600 0.017789422 1.0
59620 0.016612543 1.0
59640 0.015854485 1.0
59660 0.016254753 1.0
59680 0.01605825 1.0
59700 0.017124183 1.0
59720 0.028448354 0.98333335
59740 0.0150517905 1.0
59760 0.015453549 1.0
59780 0.016009059 1.0
59800 0.015910605 1.0
59820 0.015112599 1.0
59840 0.014727453 1.0
59860 0.01617066 1.0
59880 0.015298205 1.0
59900 0.014974533 1.0
59920 0.016662572 1.0
59940 0.015452832 1.0
59960 0.016241461 1.0
59980 0.01472267 1.0
60000 0.015134165 1.0
60020 0.016103214 1.0
60040 0.015071422 1.0
60060 0.015276691 1.0
60080 0.014580886 1.0
60100 0.014811875 1.0
60120 0.014919437 1.0
60140 0.0145221595 1.0
60160 0.0149647845 1.0
60180 0.015199978 1.0
60200 0.014896956 1.0
60220 0.0149852745 1.0
60240 0.017582318 1.0
60260 0.027035356 1.0
60280 0.015497307 1.0
60300 0.016249916 1.0
60320 0.015541837 1.0
60340 0.022147197 1.0
60360 0.020163707 1.0
60380 0.020795444 1.0
60400 0.015579929 1.0
60420 0.01916709 1.0
60440 0.015628824 1.0
60460 0.015851956 1.0
60480 0.014867688 1.0
60500 0.014791662 1.0
60520 0.07607433 0.98333335
60540 0.016484458 1.0
60560 0.015076576 1.0
60580 0.015523429 1.0
60600 0.017808892 1.0
60620 0.014822841 1.0
60640 0.021025542 1.0
60660 0.015090743 1.0
60680 0.015408958 1.0
60700 0.014816269 1.0
60720 0.015796455 1.0
60740 0.015984131 1.0
60760 0.015565755 1.0
60780 0.015199937 1.0
60800 0.0153358355 1.0
60820 0.015639145 1.0
60840 0.016409917 1.0
60860 0.014845462 1.0
60880 0.014896707 1.0
60900 0.01465264 1.0
60920 0.015077716 1.0
60940 0.0147810215 1.0
60960 0.014504712 1.0
60980 0.014365071 1.0
61000 0.015000569 1.0
61020 0.014916316 1.0
61040 0.014592672 1.0
61060 0.015129996 1.0
61080 0.0145009905 1.0
61100 0.014596812 1.0
61120 0.014875762 1.0
61140 0.014703601 1.0
61160 0.01500527 1.0
61180 0.015750185 1.0
61200 0.014553055 1.0
61220 0.02192014 1.0
61240 0.01505214 1.0
61260 0.014913032 1.0
61280 0.017006159 1.0
61300 0.015052352 1.0
61320 0.015609502 1.0
61340 0.01433034 1.0
61360 0.014459701 1.0
61380 0.014477703 1.0
61400 0.01671232 1.0
61420 0.015435902 1.0
61440 0.01730063 1.0
61460 0.014207591 1.0
61480 0.015572099 1.0
61500 0.018327547 1.0
61520 0.014708835 1.0
61540 0.01589931 1.0
61560 0.014527822 1.0
61580 0.014934802 1.0
61600 0.015120538 1.0
61620 0.014464034 1.0
61640 0.014113134 1.0
61660 0.014598405 1.0
61680 0.013974936 1.0
61700 0.015340496 1.0
61720 0.013898678 1.0
61740 0.014120752 1.0
61760 0.01431912 1.0
61780 0.013958526 1.0
61800 0.013883748 1.0
61820 0.014094831 1.0
61840 0.013848638 1.0
61860 0.013808632 1.0
61880 0.014227873 1.0
61900 0.014661351 1.0
61920 0.013776509 1.0
61940 0.018880628 1.0
61960 0.014759184 1.0
61980 0.014480478 1.0
62000 0.017639017 1.0
62020 0.014396528 1.0
62040 0.02175392 1.0
62060 0.014792837 1.0
62080 0.01452465 1.0
62100 0.017332306 1.0
62120 0.017249888 1.0
62140 0.014695582 1.0
62160 0.014476679 1.0
62180 0.014619848 1.0
62200 0.014406245 1.0
62220 0.014551993 1.0
62240 0.014262784 1.0
62260 0.01452257 1.0
62280 0.014857642 1.0
62300 0.014204258 1.0
62320 0.014293077 1.0
62340 0.015510788 1.0
62360 0.014734175 1.0
62380 0.014608776 1.0
62400 0.013952151 1.0
62420 0.01438332 1.0
62440 0.015955683 1.0
62460 0.01417673 1.0
62480 0.014961636 1.0
62500 0.013583171 1.0
62520 0.014008733 1.0
62540 0.013858358 1.0
62560 0.01472158 1.0
62580 0.01578097 1.0
62600 0.019797817 1.0
62620 0.015529542 1.0
62640 0.01596498 1.0
62660 0.01997361 1.0
62680 0.021126317 1.0
62700 0.019275859 1.0
62720 0.015879013 1.0
62740 0.015325621 1.0
62760 0.01643654 1.0
62780 0.014717458 1.0
62800 0.014885502 1.0
62820 0.014926153 1.0
62840 0.015641786 1.0
62860 0.014639601 1.0
62880 0.014468078 1.0
62900 0.0143358875 1.0
62920 0.015471466 1.0
62940 0.014411297 1.0
62960 0.014466574 1.0
62980 0.016140604 1.0
63000 0.015217291 1.0
63020 0.015949186 1.0
63040 0.01475591 1.0
63060 0.018179439 1.0
63080 0.014689204 1.0
63100 0.016311646 1.0
63120 0.016538672 1.0
63140 0.0153534785 1.0
63160 0.015258211 1.0
63180 0.014992365 1.0
63200 0.015188972 1.0
63220 0.018699922 1.0
63240 0.016466988 1.0
63260 0.014819434 1.0
63280 0.014605374 1.0
63300 0.014851293 1.0
63320 0.020213699 1.0
63340 0.019878628 1.0
63360 0.01442612 1.0
63380 0.016920295 1.0
63400 0.014556438 1.0
63420 0.033563845 0.98333335
63440 0.015950426 1.0
63460 0.015050169 1.0
63480 0.014129303 1.0
63500 0.01452437 1.0
63520 0.0147400405 1.0
63540 0.014699928 1.0
63560 0.014961394 1.0
63580 0.014479473 1.0
63600 0.014723655 1.0
63620 0.014693469 1.0
63640 0.014432102 1.0
63660 0.014355049 1.0
63680 0.014039142 1.0
63700 0.013971521 1.0
63720 0.014347581 1.0
63740 0.0146980835 1.0
63760 0.014371771 1.0
63780 0.014488433 1.0
63800 0.015338995 1.0
63820 0.013970945 1.0
63840 0.014464593 1.0
63860 0.0143921515 1.0
63880 0.020021483 1.0
63900 0.021170517 1.0
63920 0.01738011 1.0
63940 0.015705217 1.0
63960 0.017174473 1.0
63980 0.015560747 1.0
64000 0.01591257 1.0
64020 0.024725748 1.0
64040 0.014771352 1.0
64060 0.014701626 1.0
64080 0.014900582 1.0
64100 0.014778876 1.0
64120 0.014263533 1.0
64140 0.014436195 1.0
64160 0.014488872 1.0
64180 0.014827551 1.0
64200 0.015177865 1.0
64220 0.014172735 1.0
64240 0.015804652 1.0
64260 0.014188858 1.0
64280 0.014253327 1.0
64300 0.014698374 1.0
64320 0.015663583 1.0
64340 0.014394166 1.0
64360 0.022349067 1.0
64380 0.0155098755 1.0
64400 0.01687505 1.0
64420 0.015110832 1.0
64440 0.014604637 1.0
64460 0.01660356 1.0
64480 0.01552443 1.0
64500 0.0145852845 1.0
64520 0.015956147 1.0
64540 0.015515009 1.0
64560 0.0144063085 1.0
64580 0.014669009 1.0
64600 0.014961568 1.0
64620 0.014772881 1.0
64640 0.015255525 1.0
64660 0.014297023 1.0
64680 0.015948616 1.0
64700 0.014875414 1.0
64720 0.016223155 1.0
64740 0.015423818 1.0
64760 0.01424065 1.0
64780 0.014383435 1.0
64800 0.014645009 1.0
64820 0.01469475 1.0
64840 0.014536966 1.0
64860 0.015616217 1.0
64880 0.014679709 1.0
64900 0.016489916 1.0
64920 0.014400307 1.0
64940 0.014973776 1.0
64960 0.014552136 1.0
64980 0.013852622 1.0
65000 0.014575498 1.0
65020 0.019532427 1.0
65040 0.015460966 1.0
65060 0.014686372 1.0
65080 0.014286285 1.0
65100 0.014121219 1.0
65120 0.016360149 1.0
65140 0.014280235 1.0
65160 0.014271416 1.0
65180 0.014354837 1.0
65200 0.026274286 1.0
65220 0.014308473 1.0
65240 0.015597783 1.0
65260 0.013734853 1.0
65280 0.014711263 1.0
65300 0.014626769 1.0
65320 0.013763663 1.0
65340 0.018072918 1.0
65360 0.014640497 1.0
65380 0.014025144 1.0
65400 0.01615448 1.0
65420 0.014420465 1.0
65440 0.014104979 1.0
65460 0.013826277 1.0
65480 0.014399622 1.0
65500 0.013817621 1.0
65520 0.014354299 1.0
65540 0.014762063 1.0
65560 0.013868289 1.0
65580 0.01432169 1.0
65600 0.014356846 1.0
65620 0.014045302 1.0
65640 0.0146573465 1.0
65660 0.016315376 1.0
65680 0.014369708 1.0
65700 0.014267439 1.0
65720 0.015153294 1.0
65740 0.014934458 1.0
65760 0.014301608 1.0
65780 0.015111981 1.0
65800 0.015779851 1.0
65820 0.014234555 1.0
65840 0.014404789 1.0
65860 0.0139659885 1.0
65880 0.014431842 1.0
65900 0.015803399 1.0
65920 0.01548937 1.0
65940 0.018847035 1.0
65960 0.015146123 1.0
65980 0.014248084 1.0
66000 0.014675987 1.0
66020 0.015241742 1.0
66040 0.014806029 1.0
66060 0.014670331 1.0
66080 0.01417635 1.0
66100 0.014432855 1.0
66120 0.020231906 1.0
66140 0.015769068 1.0
66160 0.015044805 1.0
66180 0.014183775 1.0
66200 0.01417659 1.0
66220 0.014695726 1.0
66240 0.014677472 1.0
66260 0.014413733 1.0
66280 0.014070193 1.0
66300 0.0149254855 1.0
66320 0.0140079055 1.0
66340 0.015877545 1.0
66360 0.014182784 1.0
66380 0.014088783 1.0
66400 0.013885488 1.0
66420 0.015298797 1.0
66440 0.013744783 1.0
66460 0.013896443 1.0
66480 0.0140419165 1.0
66500 0.016403671 1.0
66520 0.0140957255 1.0
66540 0.013997267 1.0
66560 0.013881978 1.0
66580 0.01385949 1.0
66600 0.015321681 1.0
66620 0.013783678 1.0
66640 0.013820311 1.0
66660 0.013795492 1.0
66680 0.014335116 1.0
66700 0.014292235 1.0
66720 0.015257891 1.0
66740 0.014249556 1.0
66760 0.015951682 1.0
66780 0.021914683 1.0
66800 0.016419157 1.0
66820 0.0170058 1.0
66840 0.01498487 1.0
66860 0.0141165415 1.0
66880 0.015391216 1.0
66900 0.014602043 1.0
66920 0.016539011 1.0
66940 0.014349787 1.0
66960 0.014240432 1.0
66980 0.014176721 1.0
67000 0.014332646 1.0
67020 0.01441362 1.0
67040 0.014326296 1.0
67060 0.014695298 1.0
67080 0.0137124965 1.0
67100 0.01618668 1.0
67120 0.017413886 1.0
67140 0.016038112 1.0
67160 0.016006216 1.0
67180 0.0143384375 1.0
67200 0.013981806 1.0
67220 0.014150211 1.0
67240 0.014105918 1.0
67260 0.014001176 1.0
67280 0.0138465 1.0
67300 0.013998456 1.0
67320 0.01410576 1.0
67340 0.014576074 1.0
67360 0.01488747 1.0
67380 0.014379714 1.0
67400 0.014083344 1.0
67420 0.01410092 1.0
67440 0.014505298 1.0
67460 0.014657791 1.0
67480 0.0140135195 1.0
67500 0.013840735 1.0
67520 0.01436699 1.0
67540 0.013771263 1.0
67560 0.014487174 1.0
67580 0.014078442 1.0
67600 0.014617311 1.0
67620 0.01825511 1.0
67640 0.048591066 0.98333335
67660 0.014843231 1.0
67680 0.014497997 1.0
67700 0.015326342 1.0
67720 0.014987492 1.0
67740 0.014634693 1.0
67760 0.014006758 1.0
67780 0.015002126 1.0
67800 0.01436 1.0
67820 0.014585411 1.0
67840 0.014300528 1.0
67860 0.014480361 1.0
67880 0.015572424 1.0
67900 0.015941875 1.0
67920 0.015183494 1.0
67940 0.016151551 1.0
67960 0.014563503 1.0
67980 0.014011975 1.0
68000 0.014758304 1.0
68020 0.01425148 1.0
68040 0.015698906 1.0
68060 0.020119559 1.0
68080 0.014146088 1.0
68100 0.015286015 1.0
68120 0.014966464 1.0
68140 0.014120834 1.0
68160 0.0140669765 1.0
68180 0.0149252135 1.0
68200 0.014076129 1.0
68220 0.013914924 1.0
68240 0.017262027 1.0
68260 0.015253249 1.0
68280 0.014387807 1.0
68300 0.014440551 1.0
68320 0.014188211 1.0
68340 0.01735103 1.0
68360 0.013920208 1.0
68380 0.014187576 1.0
68400 0.013793509 1.0
68420 0.014246875 1.0
68440 0.013696045 1.0
68460 0.015074375 1.0
68480 0.014044978 1.0
68500 0.013633286 1.0
68520 0.013608921 1.0
68540 0.014018362 1.0
68560 0.013683584 1.0
68580 0.013907215 1.0
68600 0.013789979 1.0
68620 0.0139466785 1.0
68640 0.013845381 1.0
68660 0.013576563 1.0
68680 0.013731393 1.0
68700 0.015181709 1.0
68720 0.01509691 1.0
68740 0.013992806 1.0
68760 0.013934593 1.0
68780 0.013411989 1.0
68800 0.0136334915 1.0
68820 0.01349988 1.0
68840 0.013666619 1.0
68860 0.013689516 1.0
68880 0.015079514 1.0
68900 0.013500005 1.0
68920 0.014069309 1.0
68940 0.013632189 1.0
68960 0.0142586045 1.0
68980 0.01856066 1.0
69000 0.015495013 1.0
69020 0.015083694 1.0
69040 0.0162994 1.0
69060 0.016444672 1.0
69080 0.015411936 1.0
69100 0.0144290235 1.0
69120 0.014944758 1.0
69140 0.015144824 1.0
69160 0.015122691 1.0
69180 0.014917596 1.0
69200 0.016073566 1.0
69220 0.013959491 1.0
69240 0.01876513 1.0
69260 0.015380744 1.0
69280 0.014889459 1.0
69300 0.014896308 1.0
69320 0.014768019 1.0
69340 0.014335269 1.0
69360 0.013946133 1.0
69380 0.015106553 1.0
69400 0.0149568375 1.0
69420 0.013716937 1.0
69440 0.014503437 1.0
69460 0.014374347 1.0
69480 0.015106802 1.0
69500 0.013921903 1.0
69520 0.01529398 1.0
69540 0.016402362 1.0
69560 0.014234282 1.0
69580 0.014534464 1.0
69600 0.013786096 1.0
69620 0.013699119 1.0
69640 0.015719282 1.0
69660 0.0140863545 1.0
69680 0.0138621945 1.0
69700 0.013659944 1.0
69720 0.014487315 1.0
69740 0.013532233 1.0
69760 0.0139434505 1.0
69780 0.013616761 1.0
69800 0.013933892 1.0
69820 0.014653107 1.0
69840 0.013770908 1.0
69860 0.0153323375 1.0
69880 0.01823649 1.0
69900 0.013822668 1.0
69920 0.013580968 1.0
69940 0.013849364 1.0
69960 0.013452613 1.0
69980 0.040538706 0.98333335
70000 0.014375286 1.0
70020 0.01573811 1.0
70040 0.015115408 1.0
70060 0.013697397 1.0
70080 0.014413559 1.0
70100 0.014449395 1.0
70120 0.015446402 1.0
70140 0.015225681 1.0
70160 0.015001975 1.0
70180 0.0144766765 1.0
70200 0.015001647 1.0
70220 0.015989477 1.0
70240 0.014732728 1.0
70260 0.014269713 1.0
70280 0.014551945 1.0
70300 0.014473201 1.0
70320 0.014370732 1.0
70340 0.014583157 1.0
70360 0.014672831 1.0
70380 0.014474314 1.0
70400 0.014294653 1.0
70420 0.014916344 1.0
70440 0.014188847 1.0
70460 0.016313821 1.0
70480 0.013590103 1.0
70500 0.014462468 1.0
70520 0.014002323 1.0
70540 0.016780816 1.0
70560 0.016084936 1.0
70580 0.014574049 1.0
70600 0.0137865115 1.0
70620 0.013599193 1.0
70640 0.0146555565 1.0
70660 0.014013206 1.0
70680 0.014995511 1.0
70700 0.013717478 1.0
70720 0.016782513 1.0
70740 0.015878621 1.0
70760 0.014369969 1.0
70780 0.013935006 1.0
70800 0.014276851 1.0
70820 0.015063129 1.0
70840 0.014279963 1.0
70860 0.014596089 1.0
70880 0.014523311 1.0
70900 0.013986772 1.0
70920 0.0146736875 1.0
70940 0.014173668 1.0
70960 0.014695728 1.0
70980 0.014225486 1.0
71000 0.01510303 1.0
71020 0.013973294 1.0
71040 0.013865432 1.0
71060 0.013603629 1.0
71080 0.014430984 1.0
71100 0.013522046 1.0
71120 0.014297471 1.0
71140 0.013485238 1.0
71160 0.013736764 1.0
71180 0.01467116 1.0
71200 0.013860076 1.0
71220 0.014823801 1.0
71240 0.016289016 1.0
71260 0.014839791 1.0
71280 0.027912242 1.0
71300 0.030001003 1.0
71320 0.015319843 1.0
71340 0.014783883 1.0
71360 0.014438011 1.0
71380 0.01484439 1.0
71400 0.014870942 1.0
71420 0.014496759 1.0
71440 0.016345777 1.0
71460 0.014254923 1.0
71480 0.014847454 1.0
71500 0.01485717 1.0
71520 0.016496358 1.0
71540 0.014085645 1.0
71560 0.014625234 1.0
71580 0.014103831 1.0
71600 0.013905129 1.0
71620 0.014337323 1.0
71640 0.013997799 1.0
71660 0.013889555 1.0
71680 0.014347499 1.0
71700 0.014447613 1.0
71720 0.014182251 1.0
71740 0.013757519 1.0
71760 0.014291918 1.0
71780 0.015622248 1.0
71800 0.013728699 1.0
71820 0.014369778 1.0
71840 0.01389127 1.0
71860 0.015260703 1.0
71880 0.014181228 1.0
71900 0.013771466 1.0
71920 0.016472818 1.0
71940 0.013914635 1.0
71960 0.014272725 1.0
71980 0.01400342 1.0
72000 0.013663851 1.0
72020 0.014774838 1.0
72040 0.01581999 1.0
72060 0.014103845 1.0
72080 0.015326759 1.0
72100 0.014543675 1.0
72120 0.013987629 1.0
72140 0.015223376 1.0
72160 0.013885191 1.0
72180 0.013647832 1.0
72200 0.014143018 1.0
72220 0.01516939 1.0
72240 0.014383549 1.0
72260 0.014062327 1.0
72280 0.013741385 1.0
72300 0.01417193 1.0
72320 0.013707479 1.0
72340 0.015085018 1.0
72360 0.016054768 1.0
72380 0.014095734 1.0
72400 0.014635033 1.0
72420 0.015927989 1.0
72440 0.01417611 1.0
72460 0.013708185 1.0
72480 0.013716979 1.0
72500 0.01465127 1.0
72520 0.01429702 1.0
72540 0.013824499 1.0
72560 0.015226461 1.0
72580 0.013861078 1.0
72600 0.013783932 1.0
72620 0.013723806 1.0
72640 0.014199549 1.0
72660 0.01727635 1.0
72680 0.014343524 1.0
72700 0.015409338 1.0
72720 0.013934576 1.0
72740 0.014150235 1.0
72760 0.023906996 1.0
72780 0.014400151 1.0
72800 0.014105525 1.0
72820 0.013635912 1.0
72840 0.014339516 1.0
72860 0.015111106 1.0
72880 0.015093755 1.0
72900 0.013502002 1.0
72920 0.022577045 1.0
72940 0.013843319 1.0
72960 0.013855981 1.0
72980 0.014025365 1.0
73000 0.013749601 1.0
73020 0.014450188 1.0
73040 0.013907483 1.0
73060 0.01345258 1.0
73080 0.013529964 1.0
73100 0.013613405 1.0
73120 0.013998684 1.0
73140 0.017027725 1.0
73160 0.057635434 0.96666664
73180 0.01424581 1.0
73200 0.015912082 1.0
73220 0.014304086 1.0
73240 0.014594531 1.0
73260 0.014225159 1.0
73280 0.014138445 1.0
73300 0.014339356 1.0
73320 0.014601422 1.0
73340 0.017415777 1.0
73360 0.014264268 1.0
73380 0.014439337 1.0
73400 0.0143066235 1.0
73420 0.014021998 1.0
73440 0.014253606 1.0
73460 0.0183117 1.0
73480 0.015101879 1.0
73500 0.013606077 1.0
73520 0.013676612 1.0
73540 0.014767919 1.0
73560 0.013769235 1.0
73580 0.013444893 1.0
73600 0.016457653 1.0
73620 0.017083906 1.0
73640 0.014664054 1.0
73660 0.014354223 1.0
73680 0.013296505 1.0
73700 0.013408736 1.0
73720 0.013393179 1.0
73740 0.013459202 1.0
73760 0.013670709 1.0
73780 0.013731396 1.0
73800 0.013480065 1.0
73820 0.013352098 1.0
73840 0.013411598 1.0
73860 0.014229201 1.0
73880 0.0149210645 1.0
73900 0.013492383 1.0
73920 0.013393477 1.0
73940 0.014127651 1.0
73960 0.013728457 1.0
73980 0.013486957 1.0
74000 0.013417104 1.0
74020 0.013823761 1.0
74040 0.013388294 1.0
74060 0.013293735 1.0
74080 0.015169732 1.0
74100 0.013222277 1.0
74120 0.013134541 1.0
74140 0.013511026 1.0
74160 0.013715027 1.0
74180 0.013291862 1.0
74200 0.014309779 1.0
74220 0.01347408 1.0
74240 0.013369617 1.0
74260 0.013977534 1.0
74280 0.013373513 1.0
74300 0.013703801 1.0
74320 0.021043371 1.0
74340 0.013330134 1.0
74360 0.013209586 1.0
74380 0.013408661 1.0
74400 0.0132382065 1.0
74420 0.013290105 1.0
74440 0.015296251 1.0
74460 0.013225228 1.0
74480 0.0134937195 1.0
74500 0.013099467 1.0
74520 0.012909206 1.0
74540 0.013433035 1.0
74560 0.013170429 1.0
74580 0.0138620185 1.0
74600 0.014097232 1.0
74620 0.014231713 1.0
74640 0.013699342 1.0
74660 0.017410727 1.0
74680 0.013291588 1.0
74700 0.013693866 1.0
74720 0.013886602 1.0
74740 0.014498185 1.0
74760 0.013107913 1.0
74780 0.013249822 1.0
74800 0.0134130195 1.0
74820 0.012922113 1.0
74840 0.013100759 1.0
74860 0.013262618 1.0
74880 0.016420484 1.0
74900 0.014342286 1.0
74920 0.013493363 1.0
74940 0.013296509 1.0
74960 0.013933525 1.0
74980 0.01395162 1.0
75000 0.015029423 1.0
75020 0.014483444 1.0
75040 0.018092863 1.0
75060 0.013652798 1.0
75080 0.016252786 1.0
75100 0.013703157 1.0
75120 0.013914968 1.0
75140 0.014092307 1.0
75160 0.013347581 1.0
75180 0.014029433 1.0
75200 0.013362774 1.0
75220 0.01396531 1.0
75240 0.014679421 1.0
75260 0.014442906 1.0
75280 0.013342943 1.0
75300 0.013574854 1.0
75320 0.014189298 1.0
75340 0.013699907 1.0
75360 0.014368599 1.0
75380 0.013777956 1.0
75400 0.016087309 1.0
75420 0.013702616 1.0
75440 0.013201292 1.0
75460 0.013474528 1.0
75480 0.013106801 1.0
75500 0.013733459 1.0
75520 0.014127799 1.0
75540 0.013141987 1.0
75560 0.013495868 1.0
75580 0.0137007395 1.0
75600 0.013470545 1.0
75620 0.013122989 1.0
75640 0.013323648 1.0
75660 0.014353044 1.0
75680 0.013372246 1.0
75700 0.013088545 1.0
75720 0.0136832 1.0
75740 0.013964307 1.0
75760 0.014305282 1.0
75780 0.013868705 1.0
75800 0.017229527 1.0
75820 0.016804047 1.0
75840 0.014528506 1.0
75860 0.01424179 1.0
75880 0.014971353 1.0
75900 0.01346137 1.0
75920 0.014227717 1.0
75940 0.014145612 1.0
75960 0.013779005 1.0
75980 0.01429772 1.0
76000 0.014487134 1.0
76020 0.013877355 1.0
76040 0.014735149 1.0
76060 0.013909799 1.0
76080 0.015306087 1.0
76100 0.014387557 1.0
76120 0.014463646 1.0
76140 0.01348542 1.0
76160 0.014215167 1.0
76180 0.014167663 1.0
76200 0.01345539 1.0
76220 0.016654262 1.0
76240 0.013980764 1.0
76260 0.014287995 1.0
76280 0.012950247 1.0
76300 0.013022018 1.0
76320 0.014842179 1.0
76340 0.014443608 1.0
76360 0.012914566 1.0
76380 0.019671133 1.0
76400 0.013416465 1.0
76420 0.013564081 1.0
76440 0.01392523 1.0
76460 0.013731794 1.0
76480 0.013324222 1.0
76500 0.013685348 1.0
76520 0.016142396 1.0
76540 0.013261459 1.0
76560 0.013215814 1.0
76580 0.013661657 1.0
76600 0.013135606 1.0
76620 0.014062722 1.0
76640 0.017085098 1.0
76660 0.015796147 1.0
76680 0.0136654405 1.0
76700 0.015161967 1.0
76720 0.013648026 1.0
76740 0.013342643 1.0
76760 0.013479612 1.0
76780 0.014286829 1.0
76800 0.013553477 1.0
76820 0.01354466 1.0
76840 0.013736598 1.0
76860 0.014099512 1.0
76880 0.014323555 1.0
76900 0.013052277 1.0
76920 0.013534339 1.0
76940 0.02412052 1.0
76960 0.014117011 1.0
76980 0.01366289 1.0
77000 0.013642079 1.0
77020 0.0130517995 1.0
77040 0.013523181 1.0
77060 0.013462617 1.0
77080 0.012875521 1.0
77100 0.012983953 1.0
77120 0.014563839 1.0
77140 0.013232447 1.0
77160 0.013469347 1.0
77180 0.013256285 1.0
77200 0.014024834 1.0
77220 0.013334712 1.0
77240 0.013160005 1.0
77260 0.015773356 1.0
77280 0.013999122 1.0
77300 0.013444761 1.0
77320 0.014455685 1.0
77340 0.038598202 0.98333335
77360 0.015435178 1.0
77380 0.014255032 1.0
77400 0.013772113 1.0
77420 0.016580995 1.0
77440 0.013695788 1.0
77460 0.01440097 1.0
77480 0.014083898 1.0
77500 0.01394213 1.0
77520 0.013658924 1.0
77540 0.014790387 1.0
77560 0.013708206 1.0
77580 0.014291154 1.0
77600 0.013504063 1.0
77620 0.014155636 1.0
77640 0.016641637 1.0
77660 0.014101143 1.0
77680 0.013614448 1.0
77700 0.01393535 1.0
77720 0.013603802 1.0
77740 0.014822597 1.0
77760 0.013703654 1.0
77780 0.013515508 1.0
77800 0.016058534 1.0
77820 0.013546415 1.0
77840 0.013896888 1.0
77860 0.013959093 1.0
77880 0.013836398 1.0
77900 0.013090272 1.0
77920 0.01338217 1.0
77940 0.014290029 1.0
77960 0.013318259 1.0
77980 0.013417259 1.0
78000 0.013191426 1.0
78020 0.0138550345 1.0
78040 0.013213189 1.0
78060 0.013271052 1.0
78080 0.013952747 1.0
78100 0.013539024 1.0
78120 0.012983985 1.0
78140 0.014201912 1.0
78160 0.014857931 1.0
78180 0.01395577 1.0
78200 0.013144813 1.0
78220 0.013613049 1.0
78240 0.013379024 1.0
78260 0.013402967 1.0
78280 0.013392302 1.0
78300 0.014979755 1.0
78320 0.012965199 1.0
78340 0.012808146 1.0
78360 0.013613183 1.0
78380 0.018994775 1.0
78400 0.014471499 1.0
78420 0.0132261515 1.0
78440 0.0137186535 1.0
78460 0.013958616 1.0
78480 0.013127396 1.0
78500 0.013635054 1.0
78520 0.0136795575 1.0
78540 0.013543454 1.0
78560 0.013196768 1.0
78580 0.013491884 1.0
78600 0.014042288 1.0
78620 0.014603756 1.0
78640 0.013997987 1.0
78660 0.014382616 1.0
78680 0.0137456935 1.0
78700 0.013592839 1.0
78720 0.014201716 1.0
78740 0.013562169 1.0
78760 0.0138158 1.0
78780 0.013577096 1.0
78800 0.013268824 1.0
78820 0.013546593 1.0
78840 0.013726132 1.0
78860 0.013238984 1.0
78880 0.013718214 1.0
78900 0.01370896 1.0
78920 0.013963897 1.0
78940 0.013509504 1.0
78960 0.014696777 1.0
78980 0.013534322 1.0
79000 0.013309805 1.0
79020 0.01382725 1.0
79040 0.0138750095 1.0
79060 0.013434442 1.0
79080 0.0141109675 1.0
79100 0.015205881 1.0
79120 0.01337044 1.0
79140 0.015204858 1.0
79160 0.015836436 1.0
79180 0.01638691 1.0
79200 0.018310579 1.0
79220 0.014046966 1.0
79240 0.013349791 1.0
79260 0.013829137 1.0
79280 0.014689876 1.0
79300 0.014128085 1.0
79320 0.013780687 1.0
79340 0.01360284 1.0
79360 0.013650642 1.0
79380 0.014233311 1.0
79400 0.013843838 1.0
79420 0.0130821215 1.0
79440 0.013373251 1.0
79460 0.014463854 1.0
79480 0.015152864 1.0
79500 0.047704298 0.98333335
79520 0.015891694 1.0
79540 0.0142435 1.0
79560 0.024561547 1.0
79580 0.013766634 1.0
79600 0.015290957 1.0
79620 0.016846845 1.0
79640 0.014601206 1.0
79660 0.013152331 1.0
79680 0.013461665 1.0
79700 0.013391887 1.0
79720 0.013483979 1.0
79740 0.013384209 1.0
79760 0.013591294 1.0
79780 0.013090544 1.0
79800 0.013521313 1.0
79820 0.0136573585 1.0
79840 0.013182214 1.0
79860 0.013193799 1.0
79880 0.013929075 1.0
79900 0.013701084 1.0
79920 0.013495972 1.0
79940 0.013064076 1.0
79960 0.01442783 1.0
79980 0.014186645 1.0
80000 0.013994986 1.0
