20 4.706042 0.6851852
40 2.0216742 0.609375
60 1.2063107 0.64285713
80 0.9691482 0.625
100 0.8755777 0.60714287
120 0.82597095 0.578125
140 0.78932726 0.5344828
160 0.749353 0.5857143
180 0.7467915 0.68333334
200 0.7353457 0.703125
220 0.74370056 0.5625
240 0.70784634 0.6296296
260 0.75517195 0.5735294
280 0.73061633 0.6481481
300 0.7340186 0.6166667
320 0.7317635 0.73333335
340 0.7478938 0.6111111
360 0.7522855 0.59375
380 0.6957564 0.7794118
400 0.7274352 0.6363636
420 0.71322507 0.67741936
440 0.7369857 0.64705884
460 0.75266457 0.5576923
480 0.7378328 0.58928573
500 0.6938051 0.64285713
520 0.71815217 0.703125
540 0.6894109 0.6857143
560 0.7130018 0.6212121
580 0.7277821 0.59090906
600 0.7555235 0.5535714
620 0.761182 0.44444445
640 0.7392213 0.53125
660 0.72692263 0.625
680 0.7707705 0.5555556
700 0.7288037 0.609375
720 0.7987859 0.5882353
740 0.7794155 0.7037037
760 0.7921167 0.6935484
780 0.75707513 0.7
800 0.7685936 0.6481481
820 0.8070646 0.5147059
840 0.7780245 0.5862069
860 0.7742943 0.53571427
880 0.7679753 0.5208333
900 0.7074201 0.71428573
920 0.7453013 0.5441176
940 0.7474504 0.6666667
960 0.7855509 0.6875
980 0.78991634 0.5588235
1000 0.7617171 0.6964286
1020 0.7511187 0.625
1040 0.75160974 0.62068963
1060 0.7830568 0.56060606
1080 0.75980926 0.625
1100 0.69438887 0.7586207
1120 0.7376584 0.625
1140 0.7603299 0.51724136
1160 0.6787955 0.74242425
1180 0.7430719 0.6805556
1200 0.71523094 0.65
1220 0.71793604 0.640625
1240 0.73902225 0.58064514
1260 0.7041718 0.6785714
1280 0.69629717 0.71428573
1300 0.69658524 0.6333333
1320 0.7067996 0.6333333
1340 0.71485937 0.65384614
1360 0.7410435 0.546875
1380 0.70750874 0.63793105
1400 0.7334796 0.5483871
1420 0.73749983 0.5862069
1440 0.7342981 0.5714286
1460 0.7379254 0.546875
1480 0.7081068 0.66
1500 0.71639246 0.5483871
1520 0.7064982 0.63235295
1540 0.7140205 0.59090906
1560 0.7231545 0.546875
1580 0.6733786 0.7205882
1600 0.71122944 0.6060606
1620 0.6869819 0.6818182
1640 0.7107564 0.61290324
1660 0.71925306 0.5588235
1680 0.7421433 0.5
1700 0.76068515 0.530303
1720 0.7698497 0.46774194
1740 0.7489352 0.54545456
1760 0.70865405 0.6666667
1780 0.7353756 0.515625
1800 0.6987354 0.6785714
1820 0.74816877 0.62068963
1840 0.7794619 0.5
1860 0.7792972 0.5
1880 0.78028214 0.5
1900 0.7762426 0.5
1920 0.77493954 0.5
1940 0.7783103 0.5
1960 0.77759385 0.5
1980 0.7853173 0.484375
2000 0.78754246 0.5
2020 0.7867841 0.48
2040 0.7883462 0.5
2060 0.7857746 0.5
2080 0.7856668 0.5
2100 0.7860765 0.5625
2120 0.7953938 0.5
2140 0.7910433 0.5483871
2160 0.7854248 0.61290324
2180 0.7860297 0.5740741
2200 0.7930104 0.45454547
2220 0.78645813 0.5
2240 0.7813823 0.5925926
2260 0.7824802 0.5
2280 0.7770557 0.625
2300 0.78909415 0.5
2320 0.78732824 0.5
2340 0.7801436 0.6041667
2360 0.78456146 0.5
2380 0.7840661 0.5
2400 0.78505695 0.5
2420 0.7815958 0.546875
2440 0.78053075 0.5
2460 0.7774288 0.6034483
2480 0.77656925 0.7083333
2500 0.779063 0.516129
2520 0.7796573 0.4814815
2540 0.7838096 0.5
2560 0.7725999 0.7096774
2580 0.7816536 0.5
2600 0.78722537 0.5
2620 0.7906187 0.4852941
2640 0.7835328 0.65625
2660 0.78631157 0.5
2680 0.77986634 0.5535714
2700 0.77920514 0.5
2720 0.77915144 0.5
2740 0.7708793 0.64705884
2760 0.76480377 0.6333333
2780 0.77605855 0.4827586
2800 0.7723149 0.6551724
2820 0.7698288 0.5441176
2840 0.76583314 0.55172414
2860 0.76447606 0.57575756
2880 0.76796407 0.515625
2900 0.7646805 0.51785713
2920 0.76556563 0.5
2940 0.76420474 0.5344828
2960 0.76344496 0.5645161
2980 0.7658393 0.43243244
3000 0.7665377 0.5
3020 0.76024634 0.63461536
3040 0.76327735 0.5
3060 0.7598105 0.62903225
3080 0.7596514 0.5
3100 0.75734013 0.5
3120 0.75495803 0.6296296
3140 0.7591895 0.46774194
3160 0.7546882 0.62068963
3180 0.7591053 0.6481481
3200 0.76012415 0.5441176
3220 0.757883 0.5
3240 0.75581414 0.5
3260 0.7600059 0.59375
3280 0.75783384 0.5322581
3300 0.75921005 0.5
3320 0.75502735 0.5147059
3340 0.754174 0.5
3360 0.74881226 0.7
3380 0.75237614 0.5
3400 0.754166 0.65
3420 0.7557916 0.48333332
3440 0.7552715 0.5
3460 0.753365 0.51724136
3480 0.74318063 0.7
3500 0.7602575 0.5
3520 0.75765824 0.530303
3540 0.7600815 0.5714286
3560 0.75832766 0.64285713
3580 0.7632968 0.5
3600 0.76614904 0.5322581
3620 0.7610449 0.516129
3640 0.7601819 0.5147059
3660 0.7510931 0.6034483
3680 0.75024635 0.5
3700 0.7499503 0.5
3720 0.7479371 0.5
3740 0.75223714 0.5
3760 0.74369955 0.64285713
3780 0.7552302 0.51666665
3800 0.7531549 0.65625
3820 0.754578 0.5
3840 0.75363743 0.5714286
3860 0.7568208 0.54545456
3880 0.7548042 0.5
3900 0.75080246 0.5
3920 0.7475302 0.5
3940 0.7447431 0.5
3960 0.74025077 0.6764706
3980 0.7405396 0.6451613
4000 0.74575555 0.5
4020 0.74617916 0.5
4040 0.7452321 0.5
4060 0.74221224 0.5
4080 0.7332158 0.7
4100 0.74186754 0.516129
4120 0.74626476 0.5
4140 0.7460447 0.45588234
4160 0.7478652 0.60714287
4180 0.7469435 0.5862069
4200 0.74275035 0.609375
4220 0.74487954 0.5
4240 0.7416013 0.5645161
4260 0.75092274 0.5
4280 0.7447128 0.6551724
4300 0.75561816 0.5
4320 0.75050145 0.516129
4340 0.76331234 0.5
4360 0.7560317 0.5625
4380 0.75016767 0.5714286
4400 0.7557823 0.55172414
4420 0.7949204 0.53846157
4440 0.77808917 0.5967742
4460 0.7546538 0.6935484
4480 0.7685036 0.578125
4500 0.7447852 0.6964286
4520 0.7702951 0.52
4540 0.773599 0.5
4560 0.7607792 0.5294118
4580 0.765136 0.5
4600 0.7619176 0.5
4620 0.75723016 0.5
4640 0.7426147 0.6875
4660 0.7531269 0.6296296
4680 0.7639948 0.5
4700 0.7627425 0.5
4720 0.7521689 0.5945946
4740 0.75829065 0.4848485
4760 0.76088786 0.5
4780 0.758096 0.5
4800 0.75791204 0.4848485
4820 0.73613286 0.7
4840 0.72977144 0.5645161
4860 0.7657414 0.5322581
4880 0.7661534 0.5
4900 0.7609201 0.5
4920 0.75676167 0.5
4940 0.75344354 0.5
4960 0.75123626 0.5
4980 0.74889964 0.5
5000 0.7465502 0.5
5020 0.7448026 0.5
5040 0.7381745 0.6363636
5060 0.7415815 0.6333333
5080 0.7516805 0.48333332
5100 0.74652565 0.62068963
5120 0.7398034 0.6969697
5140 0.7533666 0.53571427
5160 0.75339 0.63461536
5180 0.75746363 0.53571427
5200 0.7269255 0.5322581
5220 0.7569118 0.58928573
5240 0.7600409 0.54545456
5260 0.76782614 0.46774194
5280 0.7585716 0.68421054
5300 0.7521736 0.6911765
5320 0.7507688 0.578125
5340 0.7472306 0.6481481
5360 0.7551242 0.5344828
5380 0.7717662 0.4814815
5400 0.7421825 0.61290324
5420 0.73581606 0.66129035
5440 0.74327266 0.5588235
5460 0.7375408 0.625
5480 0.7358085 0.5945946
5500 0.7446305 0.6081081
5520 0.73937213 0.61764705
5540 0.74643064 0.4857143
5560 0.7416205 0.51428574
5580 0.736131 0.55172414
5600 0.7354685 0.51724136
5620 0.7224432 0.64285713
5640 0.7211471 0.63461536
5660 0.72930056 0.5483871
5680 0.7359064 0.516129
5700 0.7235157 0.59615386
5720 0.71233326 0.6857143
5740 0.7343128 0.5
5760 0.72872907 0.5555556
5780 0.7328989 0.5
5800 0.7354381 0.5294118
5820 0.74524075 0.5
5840 0.74583757 0.5
5860 0.7441074 0.5
5880 0.7412898 0.5
5900 0.7404633 0.5
5920 0.73866457 0.5
5940 0.736906 0.5
5960 0.7353595 0.5
5980 0.7312464 0.64705884
6000 0.734819 0.5
6020 0.73423404 0.5
6040 0.7325176 0.484375
6060 0.73060143 0.5
6080 0.72983 0.5
6100 0.727961 0.53571427
6120 0.72718346 0.609375
6140 0.7325208 0.46153846
6160 0.7241789 0.5588235
6180 0.72724503 0.55172414
6200 0.7012889 0.6964286
6220 0.7322027 0.516129
6240 0.7328175 0.5
6260 0.7331116 0.4827586
6280 0.73813576 0.546875
6300 0.74574274 0.453125
6320 0.7310138 0.63793105
6340 0.7455373 0.46875
6360 0.7368323 0.61290324
6380 0.7294872 0.6060606
6400 0.7339703 0.53125
6420 0.72425234 0.5967742
6440 0.71461457 0.6904762
6460 0.7054588 0.7
6480 0.697002 0.6458333
6500 0.7056992 0.6935484
6520 0.7020532 0.6666667
6540 0.6769434 0.64285713
6560 0.6803338 0.5925926
6580 0.74426264 0.5
6600 0.72730696 0.5735294
6620 0.7164623 0.56060606
6640 0.71354324 0.6
6660 0.71449536 0.61290324
6680 0.7385877 0.527027
6700 0.69867253 0.66129035
6720 0.73047704 0.4642857
6740 0.701895 0.5857143
6760 0.6882585 0.7
6780 0.7051484 0.64285713
6800 0.68908817 0.62903225
6820 0.6711753 0.62068963
6840 0.7430096 0.43333334
6860 0.6832757 0.64
6880 0.6690729 0.6911765
6900 0.70477235 0.54545456
6920 0.71867913 0.53571427
6940 0.70949954 0.54545456
6960 0.7185088 0.5
6980 0.6945885 0.6034483
7000 0.6954995 0.640625
7020 0.69511604 0.56060606
7040 0.7039973 0.5694444
7060 0.6950543 0.5862069
7080 0.71289283 0.55714285
7100 0.69095063 0.60714287
7120 0.7023111 0.6034483
7140 0.7136552 0.546875
7160 0.6904899 0.64705884
7180 0.66981846 0.71875
7200 0.71692693 0.530303
7220 0.7155816 0.5483871
7240 0.69883686 0.64285713
7260 0.6904501 0.6896552
7280 0.70778793 0.5714286
7300 0.69111025 0.66129035
7320 0.6991128 0.609375
7340 0.69034284 0.65384614
7360 0.6977958 0.609375
7380 0.6895989 0.6481481
7400 0.7008015 0.5833333
7420 0.7207847 0.4814815
7440 0.724397 0.4642857
7460 0.70565444 0.56060606
7480 0.7290319 0.43939394
7500 0.71168184 0.5208333
7520 0.71480256 0.5
7540 0.6885843 0.63235295
7560 0.7241512 0.45
7580 0.6884101 0.6060606
7600 0.7109861 0.5294118
7620 0.71754485 0.5
7640 0.7164453 0.5
7660 0.7159584 0.5
7680 0.71550363 0.5
7700 0.71475255 0.5
7720 0.7183536 0.48333332
7740 0.7133655 0.5
7760 0.71269524 0.51428574
7780 0.71503145 0.5
7800 0.7150699 0.5
7820 0.7112074 0.51785713
7840 0.70517683 0.70689654
7860 0.70578396 0.73214287
7880 0.7125179 0.5277778
7900 0.7150585 0.5833333
7920 0.7134441 0.5967742
7940 0.7188567 0.5
7960 0.71757144 0.5138889
7980 0.72447187 0.5
8000 0.72245675 0.5555556
8020 0.7422637 0.53125
8040 0.7144594 0.6166667
8060 0.75964636 0.4814815
8080 0.75945055 0.5
8100 0.7402717 0.6296296
8120 0.75550836 0.515625
8140 0.76428854 0.51428574
8160 0.7596216 0.5
8180 0.7585877 0.5
8200 0.75633353 0.5
8220 0.754633 0.5
8240 0.7520473 0.5
8260 0.75369877 0.5
8280 0.74813247 0.5862069
8300 0.74439186 0.6142857
8320 0.7421706 0.625
8340 0.7321771 0.56060606
8360 0.7473072 0.5
8380 0.7463573 0.5
8400 0.74517375 0.5
8420 0.7439244 0.5
8440 0.74268466 0.5
8460 0.73833394 0.59375
8480 0.74058634 0.5
8500 0.73423254 0.6857143
8520 0.74151796 0.5
8540 0.74092233 0.5
8560 0.7398263 0.5
8580 0.7389605 0.5
8600 0.7377057 0.5
8620 0.7373018 0.5
8640 0.7364884 0.5
8660 0.7255672 0.7222222
8680 0.73580736 0.47142857
8700 0.7327979 0.59090906
8720 0.7325607 0.5689655
8740 0.73520714 0.5
8760 0.73441046 0.5
8780 0.733624 0.5
8800 0.73267317 0.5
8820 0.7318279 0.51724136
8840 0.7286655 0.6527778
8860 0.72838634 0.578125
8880 0.7275141 0.53846157
8900 0.73070115 0.5
8920 0.72894543 0.484375
8940 0.7205763 0.7307692
8960 0.7208443 0.6666667
8980 0.73155516 0.5208333
9000 0.6919084 0.5588235
9020 0.72900397 0.4642857
9040 0.72489756 0.59090906
9060 0.7133573 0.5588235
9080 0.7087945 0.59090906
9100 0.68596166 0.6875
9120 0.68356115 0.75
9140 0.67902607 0.7
9160 0.70559347 0.6388889
9180 0.6720367 0.734375
9200 0.67746794 0.6923077
9220 0.70996773 0.6617647
9240 0.67782444 0.66129035
9260 0.7179144 0.55
9280 0.6801342 0.6458333
9300 0.71894544 0.56060606
9320 0.6800697 0.6785714
9340 0.6849913 0.6666667
9360 0.6733857 0.6
9380 0.7024493 0.6
9400 0.7302625 0.58
9420 0.637717 0.7037037
9440 0.67490405 0.671875
9460 0.7094623 0.60294116
9480 0.6803448 0.6551724
9500 0.7129502 0.5344828
9520 0.62417626 0.67741936
9540 0.6788634 0.6296296
9560 0.6073927 0.73214287
9580 0.71778136 0.61290324
9600 0.7159872 0.5555556
9620 0.7267268 0.51785713
9640 0.7117903 0.530303
9660 0.7127987 0.60714287
9680 0.6802889 0.68333334
9700 0.737064 0.48214287
9720 0.6994171 0.73333335
9740 0.7408567 0.47826087
9760 0.7618816 0.46969697
9780 0.73212534 0.61290324
9800 0.71361184 0.5535714
9820 0.7133652 0.66129035
9840 0.64440614 0.73214287
9860 0.7076938 0.5925926
9880 0.7226394 0.6
9900 0.718903 0.5645161
9920 0.7515558 0.48
9940 0.676937 0.73333335
9960 0.698806 0.6785714
9980 0.72404915 0.63235295
10000 0.7477172 0.48387095
10020 0.6543759 0.78125
10040 0.6741299 0.671875
10060 0.6616736 0.6785714
10080 0.66414165 0.72727275
10100 0.70442826 0.63235295
10120 0.74573517 0.5694444
10140 0.6296811 0.76785713
10160 0.64229155 0.73333335
10180 0.7058982 0.6730769
10200 0.68160033 0.58064514
10220 0.6998264 0.59375
10240 0.6924666 0.6527778
10260 0.66648406 0.6363636
10280 0.66097337 0.66129035
10300 0.6908267 0.6
10320 0.6340664 0.7419355
10340 0.6625229 0.64285713
10360 0.69978225 0.59375
10380 0.6445399 0.72727275
10400 0.70627457 0.6111111
10420 0.67201585 0.67741936
10440 0.6934837 0.546875
10460 0.61358523 0.734375
10480 0.65345246 0.6935484
10500 0.71360755 0.625
10520 0.7105157 0.5625
10540 0.62978095 0.7419355
10560 0.6113005 0.71875
10580 0.59446466 0.7307692
10600 0.70949125 0.59090906
10620 0.6068011 0.7162162
10640 0.6257846 0.64285713
10660 0.6627343 0.66
10680 0.6550467 0.71875
10700 0.7364438 0.6
10720 0.6211382 0.7352941
10740 0.6485272 0.6617647
10760 0.61331546 0.8
10780 0.6376229 0.7419355
10800 0.5878211 0.7413793
10820 0.69703674 0.6166667
10840 0.64482707 0.66129035
10860 0.6101568 0.67741936
10880 0.667943 0.74285716
10900 0.6165742 0.7
10920 0.57804435 0.78571427
10940 0.6673373 0.6764706
10960 0.67273974 0.5740741
10980 0.66943693 0.62903225
11000 0.61472666 0.6875
11020 0.7081797 0.5535714
11040 0.6214286 0.6964286
11060 0.6790133 0.6333333
11080 0.73609746 0.546875
11100 0.684938 0.6212121
11120 0.70602876 0.5322581
11140 0.68673533 0.63793105
11160 0.6580157 0.6296296
11180 0.6207541 0.7741935
11200 0.62355345 0.7058824
11220 0.66201514 0.703125
11240 0.6465313 0.6764706
11260 0.66251934 0.625
11280 0.6296571 0.6944444
11300 0.67211306 0.6666667
11320 0.5883746 0.67241377
11340 0.576289 0.72727275
11360 0.66308504 0.671875
11380 0.69121695 0.5576923
11400 0.63807726 0.6212121
11420 0.635827 0.6875
11440 0.6141472 0.75
11460 0.6532916 0.6964286
11480 0.6046716 0.6851852
11500 0.67947304 0.58928573
11520 0.6640312 0.640625
11540 0.6229149 0.6851852
11560 0.65587276 0.6666667
11580 0.6091918 0.7375
11600 0.6205785 0.7121212
11620 0.6307171 0.67142856
11640 0.6523301 0.6551724
11660 0.5962769 0.8214286
11680 0.6729594 0.67142856
11700 0.6173734 0.7592593
11720 0.6373087 0.63461536
11740 0.6969899 0.57575756
11760 0.6574818 0.6923077
11780 0.6287149 0.7096774
11800 0.7163306 0.46666667
11820 0.6872717 0.5625
11840 0.7700963 0.421875
11860 0.60522234 0.74242425
11880 0.5413687 0.78125
11900 0.58778375 0.734375
11920 0.70569843 0.6333333
11940 0.6630862 0.6166667
11960 0.69852036 0.57894737
11980 0.68875873 0.6666667
12000 0.64181 0.7236842
12020 0.68372273 0.5769231
12040 0.685614 0.59375
12060 0.62014216 0.71153843
12080 0.7198113 0.55
12100 0.67460287 0.6666667
12120 0.69873965 0.61538464
12140 0.6071496 0.71666664
12160 0.53229076 0.78846157
12180 0.54499173 0.7758621
12200 0.6361442 0.71428573
12220 0.6116925 0.63793105
12240 0.71617764 0.51724136
12260 0.629312 0.68333334
12280 0.5691294 0.75
12300 0.53892535 0.78333336
12320 0.5676449 0.8125
12340 0.5714961 0.83870965
12360 0.62353724 0.61290324
12380 0.5450019 0.73333335
12400 0.6026937 0.74285716
12420 0.6813725 0.60294116
12440 0.63053143 0.6111111
12460 0.62337524 0.71428573
12480 0.5404241 0.8518519
12500 0.682114 0.62903225
12520 0.5827833 0.6969697
12540 0.7408442 0.516129
12560 0.703136 0.5694444
12580 0.6104254 0.73333335
12600 0.7277464 0.530303
12620 0.6138611 0.71875
12640 0.504034 0.8214286
12660 0.6048154 0.734375
12680 0.65885013 0.6785714
12700 0.5638516 0.7777778
12720 0.6432003 0.71875
12740 0.67672956 0.61764705
12760 0.5903668 0.7407407
12780 0.64282626 0.6296296
12800 0.69050413 0.6
12820 0.6480877 0.63235295
12840 0.5939067 0.7285714
12860 0.63938844 0.6527778
12880 0.67914176 0.5862069
12900 0.6120423 0.7121212
12920 0.57580125 0.8064516
12940 0.59507436 0.7413793
12960 0.6507454 0.6969697
12980 0.702274 0.6571429
13000 0.5368675 0.8214286
13020 0.62437487 0.7
13040 0.59572905 0.75
13060 0.6505335 0.609375
13080 0.69217175 0.5925926
13100 0.5595095 0.7592593
13120 0.6662557 0.7058824
13140 0.5964027 0.7222222
13160 0.62419516 0.68333334
13180 0.6929846 0.5833333
13200 0.6559527 0.6060606
13220 0.66283095 0.62903225
13240 0.6117612 0.7037037
13260 0.67935205 0.6666667
13280 0.5613838 0.7794118
13300 0.6999083 0.5689655
13320 0.5773755 0.7413793
13340 0.54613477 0.765625
13360 0.6190167 0.6805556
13380 0.803443 0.55172414
13400 0.6886145 0.6388889
13420 0.599338 0.6875
13440 0.6359668 0.6875
13460 0.5464762 0.8030303
13480 0.581288 0.7758621
13500 0.6323592 0.64285713
13520 0.68329614 0.59090906
13540 0.6782192 0.6166667
13560 0.62873214 0.64285713
13580 0.64416975 0.66071427
13600 0.6473773 0.671875
13620 0.6020096 0.78571427
13640 0.6408213 0.71428573
13660 0.6053559 0.75
13680 0.567298 0.72727275
13700 0.6810665 0.62903225
13720 0.5457176 0.78125
13740 0.6141643 0.73333335
13760 0.6062523 0.76785713
13780 0.60500294 0.7205882
13800 0.5251656 0.78571427
13820 0.5014232 0.765625
13840 0.7008635 0.5322581
13860 0.67508215 0.6
13880 0.5371595 0.828125
13900 0.5834609 0.7878788
13920 0.6284949 0.6730769
13940 0.5952725 0.67741936
13960 0.5884155 0.6551724
13980 0.5430515 0.8
14000 0.50998133 0.8787879
14020 0.5615579 0.8333333
14040 0.6003841 0.72
14060 0.6484289 0.640625
14080 0.5818556 0.68333334
14100 0.6545034 0.6964286
14120 0.5490448 0.75
14140 0.6607443 0.5882353
14160 0.6737966 0.6296296
14180 0.67883694 0.65625
14200 0.6506599 0.6964286
14220 0.6403068 0.7419355
14240 0.6839861 0.625
14260 0.6145547 0.7096774
14280 0.59223276 0.7419355
14300 0.59021074 0.6969697
14320 0.6350869 0.6666667
14340 0.49872485 0.8666667
14360 0.67054445 0.6551724
14380 0.64606166 0.6875
14400 0.6895495 0.6730769
14420 0.6461459 0.61290324
14440 0.73951864 0.61290324
14460 0.58613825 0.82258064
14480 0.60076904 0.76666665
14500 0.609218 0.7352941
14520 0.56784225 0.7586207
14540 0.5536839 0.75
14560 0.5380348 0.7580645
14580 0.5313793 0.78125
14600 0.62044924 0.6764706
14620 0.51314354 0.8333333
14640 0.5420539 0.73214287
14660 0.7040803 0.55
14680 0.4511246 0.875
14700 0.609346 0.67741936
14720 0.56935626 0.7941176
14740 0.5618437 0.7741935
14760 0.6055598 0.79310346
14780 0.5835018 0.7096774
14800 0.55146384 0.83928573
14820 0.5990648 0.70689654
14840 0.5520666 0.7916667
14860 0.49209124 0.8243243
14880 0.66010994 0.6911765
14900 0.52141505 0.8095238
14920 0.5650163 0.78571427
14940 0.64937645 0.6935484
14960 0.4992813 0.81666666
14980 0.5903489 0.76666665
15000 0.51524353 0.8214286
15020 0.70408034 0.61764705
15040 0.59946126 0.77272725
15060 0.64309675 0.6458333
15080 0.60542226 0.6935484
15100 0.5593967 0.7777778
15120 0.57307035 0.7592593
15140 0.59678304 0.7
15160 0.6331428 0.6515151
15180 0.5705925 0.75
15200 0.6046956 0.73333335
15220 0.5797926 0.7758621
15240 0.5504486 0.7916667
15260 0.5827307 0.6896552
15280 0.7280199 0.52
15300 0.62598974 0.6818182
15320 0.58697665 0.75
15340 0.5344925 0.7837838
15360 0.58020425 0.8269231
15380 0.5432967 0.74
15400 0.4831063 0.78333336
15420 0.6261651 0.7258065
15440 0.51853234 0.8148148
15460 0.6469885 0.6481481
15480 0.5335129 0.81666666
15500 0.59917873 0.6764706
15520 0.6226843 0.67741936
15540 0.6907093 0.625
15560 0.58238703 0.7741935
15580 0.48395243 0.8333333
15600 0.508065 0.8214286
15620 0.5177691 0.828125
15640 0.55717283 0.8333333
15660 0.6271959 0.6785714
15680 0.4123034 0.875
15700 0.5453226 0.7741935
15720 0.54369646 0.73333335
15740 0.48844653 0.87096775
15760 0.56229645 0.7741935
15780 0.58897436 0.7241379
15800 0.49393478 0.8243243
15820 0.5587383 0.765625
15840 0.55297625 0.78125
15860 0.39823145 0.8552632
15880 0.46595338 0.88235295
15900 0.56857044 0.8333333
15920 0.464258 0.8541667
15940 0.65749776 0.66129035
15960 0.61760354 0.71875
15980 0.5686121 0.734375
16000 0.5931895 0.7592593
16020 0.5326895 0.8
16040 0.5412173 0.78571427
16060 0.549861 0.77272725
16080 0.53275 0.7647059
16100 0.53447497 0.7962963
16120 0.6459809 0.66129035
16140 0.44965443 0.86206895
16160 0.4734255 0.85
16180 0.37338445 0.88
16200 0.54036075 0.7962963
16220 0.61024517 0.68421054
16240 0.6032768 0.66071427
16260 0.43835908 0.8787879
16280 0.49298626 0.8035714
16300 0.45878884 0.8030303
16320 0.5199516 0.79310346
16340 0.50885916 0.8484849
16360 0.6325166 0.6785714
16380 0.4542262 0.85714287
16400 0.4354459 0.8484849
16420 0.4681319 0.75757575
16440 0.4405687 0.8833333
16460 0.6822921 0.63461536
16480 0.42681345 0.88709676
16500 0.55516666 0.7419355
16520 0.46829736 0.8
16540 0.5199112 0.8103448
16560 0.4774831 0.8030303
16580 0.6355647 0.7419355
16600 0.46462494 0.8125
16620 0.43481272 0.79310346
16640 0.59674144 0.8030303
16660 0.40878755 0.87096775
16680 0.48673227 0.82258064
16700 0.49811295 0.8
16720 0.45519918 0.8064516
16740 0.55173206 0.67741936
16760 0.47048467 0.8448276
16780 0.48244807 0.86206895
16800 0.5095496 0.82258064
16820 0.5225292 0.76
16840 0.57844055 0.75
16860 0.3536696 0.94285715
16880 0.52241737 0.8235294
16900 0.45755887 0.796875
16920 0.45122465 0.8484849
16940 0.42845955 0.8611111
16960 0.4531603 0.8636364
16980 0.5449692 0.78571427
17000 0.51406616 0.7083333
17020 0.42270833 0.85714287
17040 0.6073802 0.77272725
17060 0.55840933 0.734375
17080 0.45019615 0.7692308
17100 0.5394462 0.7
17120 0.5910869 0.6964286
17140 0.44751024 0.8513514
17160 0.48356968 0.83870965
17180 0.5078732 0.796875
17200 0.45735806 0.8787879
17220 0.47234538 0.78333336
17240 0.5952228 0.7741935
17260 0.45975426 0.8035714
17280 0.5204885 0.78125
17300 0.48222572 0.8088235
17320 0.69103533 0.63793105
17340 0.45696017 0.8378378
17360 0.59638596 0.7777778
17380 0.504438 0.7285714
17400 0.5080778 0.8333333
17420 0.34866342 0.86
17440 0.5030867 0.79310346
17460 0.463798 0.828125
17480 0.64861864 0.6851852
17500 0.4005178 0.828125
17520 0.48629034 0.79310346
17540 0.529544 0.74242425
17560 0.4804356 0.78333336
17580 0.599772 0.7121212
17600 0.6195013 0.7962963
17620 0.5554563 0.7580645
17640 0.57812256 0.6333333
17660 0.39894515 0.8333333
17680 0.46234593 0.8333333
17700 0.5726474 0.6964286
17720 0.5384121 0.77272725
17740 0.5028548 0.7794118
17760 0.43917692 0.8333333
17780 0.42630517 0.921875
17800 0.37807095 0.89285713
17820 0.5956123 0.75
17840 0.41977736 0.8636364
17860 0.59164405 0.7352941
17880 0.42123607 0.78333336
17900 0.42725688 0.8125
17920 0.44902802 0.78333336
17940 0.5819021 0.75
17960 0.53506 0.76785713
17980 0.43200836 0.8030303
18000 0.56570834 0.75
18020 0.62409335 0.66129035
18040 0.37262756 0.9
18060 0.49846977 0.7741935
18080 0.50195116 0.85
18100 0.42031962 0.8333333
18120 0.41509247 0.9
18140 0.51262826 0.7592593
18160 0.43317077 0.8103448
18180 0.31573913 0.96428573
18200 0.5262198 0.75
18220 0.449469 0.8064516
18240 0.57532734 0.7777778
18260 0.47538093 0.8108108
18280 0.65464073 0.7037037
18300 0.34351 0.875
18320 0.42951432 0.8378378
18340 0.36299822 0.8484849
18360 0.53335226 0.875
18380 0.48141387 0.83870965
18400 0.3868687 0.88461536
18420 0.57304823 0.7
18440 0.6518857 0.7037037
18460 0.5010297 0.79310346
18480 0.61970836 0.67741936
18500 0.5174231 0.8
18520 0.4365404 0.8125
18540 0.38585803 0.8484849
18560 0.5413212 0.85
18580 0.543197 0.734375
18600 0.4407256 0.7777778
18620 0.5356369 0.75
18640 0.43391863 0.83870965
18660 0.69970965 0.7096774
18680 0.46415126 0.8333333
18700 0.50536364 0.7962963
18720 0.35623658 0.87931037
18740 0.46375865 0.8378378
18760 0.47671977 0.8214286
18780 0.39914024 0.8235294
18800 0.43435287 0.83870965
18820 0.41016465 0.83870965
18840 0.48895165 0.84
18860 0.46275246 0.8064516
18880 0.40089098 0.8142857
18900 0.5188783 0.7941176
18920 0.3684068 0.85294116
18940 0.3449424 0.87142855
18960 0.49345335 0.79310346
18980 0.46607026 0.7758621
19000 0.6674377 0.5740741
19020 0.59645945 0.71428573
19040 0.58031654 0.734375
19060 0.46681055 0.74285716
19080 0.4950205 0.8
19100 0.3428085 0.90909094
19120 0.3931966 0.859375
19140 0.466184 0.7758621
19160 0.5074413 0.8181818
19180 0.6471006 0.6851852
19200 0.3521049 0.9285714
19220 0.49454978 0.8243243
19240 0.44066527 0.86206895
19260 0.44548574 0.8333333
19280 0.52822685 0.73214287
19300 0.40108764 0.8548387
19320 0.38195664 0.82758623
19340 0.3453647 0.8333333
19360 0.3433076 0.89285713
19380 0.39404255 0.85294116
19400 0.33960044 0.92
19420 0.30860963 0.875
19440 0.38798133 0.8636364
19460 0.3786041 0.8125
19480 0.31745163 0.87096775
19500 0.5088825 0.8064516
19520 0.37574074 0.7941176
19540 0.45169744 0.7777778
19560 0.44795793 0.8333333
19580 0.5313514 0.7407407
19600 0.39858046 0.7948718
19620 0.34708187 0.9375
19640 0.5804687 0.67741936
19660 0.49145433 0.7916667
19680 0.3531477 0.86206895
19700 0.46871796 0.8
19720 0.4483797 0.8064516
19740 0.5101111 0.8125
19760 0.46181363 0.8148148
19780 0.4423355 0.8333333
19800 0.5101264 0.7794118
19820 0.28032297 0.9516129
19840 0.4729525 0.8142857
19860 0.5292311 0.7758621
19880 0.4453075 0.8125
19900 0.5808011 0.7205882
19920 0.38798067 0.86206895
19940 0.38697228 0.84375
19960 0.4049242 0.87931037
19980 0.3540785 0.8636364
20000 0.5707019 0.70689654
20020 0.4704202 0.78333336
20040 0.48542506 0.7941176
20060 0.2605429 0.93333334
20080 0.4390968 0.8333333
20100 0.47062543 0.76666665
20120 0.3504749 0.90625
20140 0.49389946 0.8035714
20160 0.40683025 0.8703704
20180 0.46286651 0.8235294
20200 0.43670785 0.8382353
20220 0.6359471 0.77272725
20240 0.4617771 0.87931037
20260 0.45936307 0.82
20280 0.43941304 0.8333333
20300 0.39779517 0.85
20320 0.5129393 0.8
20340 0.23349828 0.962963
20360 0.38266796 0.8333333
20380 0.4183076 0.85
20400 0.43131256 0.84782606
20420 0.4533572 0.8030303
20440 0.2634022 0.9264706
20460 0.47509012 0.8
20480 0.41502538 0.85
20500 0.33119175 0.9259259
20520 0.39159983 0.84090906
20540 0.38984078 0.8888889
20560 0.31039047 0.8965517
20580 0.3589649 0.89285713
20600 0.5118079 0.75
20620 0.4393591 0.8125
20640 0.35452732 0.875
20660 0.47258538 0.8064516
20680 0.30763245 0.9
20700 0.40414676 0.82
20720 0.46203497 0.8333333
20740 0.29842862 0.8947368
20760 0.40812936 0.86764705
20780 0.5215592 0.74285716
20800 0.47953862 0.7258065
20820 0.35775864 0.87931037
20840 0.36868203 0.8666667
20860 0.35259196 0.88
20880 0.35132933 0.9117647
20900 0.27896726 0.90384614
20920 0.4451176 0.8518519
20940 0.43999124 0.8076923
20960 0.3187333 0.90625
20980 0.76561207 0.6451613
21000 0.30277428 0.87096775
21020 0.39577562 0.85714287
21040 0.70523304 0.75757575
21060 0.43556628 0.82258064
21080 0.43202573 0.7878788
21100 0.37048194 0.8548387
21120 0.297841 0.91935486
21140 0.3333601 0.88709676
21160 0.29600564 0.8833333
21180 0.45178226 0.84375
21200 0.50962806 0.75
21220 0.32308742 0.89705884
21240 0.38448688 0.89285713
21260 0.40838128 0.85714287
21280 0.397644 0.85714287
21300 0.2956258 0.9032258
21320 0.2152991 0.969697
21340 0.40533522 0.8333333
21360 0.32570043 0.90909094
21380 0.34454983 0.875
21400 0.25059333 0.9516129
21420 0.6065586 0.70689654
21440 0.58217055 0.6896552
21460 0.44300455 0.8382353
21480 0.43508118 0.83928573
21500 0.50716186 0.71875
21520 0.3560035 0.88461536
21540 0.31833825 0.890625
21560 0.49346143 0.82857144
21580 0.28875104 0.9444444
21600 0.29807383 0.90909094
21620 0.41962472 0.828125
21640 0.40209204 0.82258064
21660 0.36497995 0.91071427
21680 0.5493754 0.82258064
21700 0.36466616 0.875
21720 0.5096056 0.7586207
21740 0.38220537 0.87096775
21760 0.37673038 0.8125
21780 0.37909073 0.8666667
21800 0.38258436 0.84375
21820 0.54663795 0.7419355
21840 0.4789384 0.8
21860 0.3606046 0.875
21880 0.31069642 0.9
21900 0.3566322 0.87931037
21920 0.35989574 0.8888889
21940 0.43105382 0.8382353
21960 0.41387063 0.8064516
21980 0.36021528 0.87931037
22000 0.31057328 0.953125
22020 0.4299737 0.8214286
22040 0.3570331 0.8939394
22060 0.47427687 0.82758623
22080 0.411454 0.78
22100 0.37369233 0.86764705
22120 0.3299348 0.89285713
22140 0.47900707 0.8235294
22160 0.3680246 0.85714287
22180 0.5274702 0.7413793
22200 0.48907906 0.8125
22220 0.69782615 0.70689654
22240 0.35622233 0.87096775
22260 0.62467504 0.76666665
22280 0.5144227 0.76666665
22300 0.32660568 0.91935486
22320 0.43363214 0.8035714
22340 0.43181556 0.8076923
22360 0.41019598 0.85
22380 0.4354364 0.8448276
22400 0.39898223 0.81666666
22420 0.27248734 0.9354839
22440 0.38099647 0.83870965
22460 0.23831393 0.9137931
22480 0.39821023 0.890625
22500 0.35855567 0.86764705
22520 0.33041307 0.8787879
22540 0.3698235 0.8666667
22560 0.34889054 0.9032258
22580 0.36025017 0.8142857
22600 0.34429663 0.8472222
22620 0.37457585 0.86538464
22640 0.2915304 0.87931037
22660 0.472006 0.765625
22680 0.4841347 0.75
22700 0.29074773 0.8965517
22720 0.5082864 0.78571427
22740 0.3780225 0.890625
22760 0.29639372 0.88235295
22780 0.50189114 0.7638889
22800 0.29342967 0.9230769
22820 0.38701716 0.8965517
22840 0.38308996 0.9117647
22860 0.40644184 0.9
22880 0.36144248 0.8611111
22900 0.4584484 0.8448276
22920 0.26416865 0.95
22940 0.40509906 0.8428571
22960 0.45116717 0.79310346
22980 0.24414769 0.9358974
23000 0.38184035 0.9
23020 0.26237524 0.9375
23040 0.30898112 0.91071427
23060 0.31092364 0.94285715
23080 0.39610025 0.8088235
23100 0.34521696 0.88235295
23120 0.40650326 0.8181818
23140 0.3194801 0.89285713
23160 0.41312802 0.8030303
23180 0.32914084 0.9166667
23200 0.403266 0.8088235
23220 0.3194931 0.9230769
23240 0.3687474 0.9117647
23260 0.40911922 0.82258064
23280 0.284411 0.94285715
23300 0.3130631 0.875
23320 0.24220963 0.91935486
23340 0.42579046 0.8235294
23360 0.17673181 0.983871
23380 0.27840513 0.93939394
23400 0.33659345 0.8965517
23420 0.41022813 0.859375
23440 0.34386674 0.875
23460 0.51391625 0.8088235
23480 0.38722885 0.7941176
23500 0.42907885 0.82258064
23520 0.3686909 0.9074074
23540 0.60153425 0.7592593
23560 0.27088583 0.93939394
23580 0.35487378 0.88709676
23600 0.32992724 0.890625
23620 0.42793694 0.8269231
23640 0.3438217 0.88461536
23660 0.40319678 0.8103448
23680 0.48958865 0.78571427
23700 0.43415704 0.82758623
23720 0.40568373 0.85
23740 0.25079724 0.95
23760 0.63081276 0.6969697
23780 0.29184598 0.90909094
23800 0.33517742 0.8833333
23820 0.37492093 0.875
23840 0.45322248 0.8939394
23860 0.33992308 0.8076923
23880 0.2983556 0.88461536
23900 0.36620694 0.8666667
23920 0.40322316 0.8103448
23940 0.352947 0.875
23960 0.2773691 0.9032258
23980 0.28630057 0.921875
24000 0.44497225 0.8333333
24020 0.33957896 0.85714287
24040 0.30630413 0.9423077
24060 0.48620614 0.7916667
24080 0.22898495 0.93333334
24100 0.23237042 0.953125
24120 0.2641143 0.9354839
24140 0.42152503 0.86206895
24160 0.45744503 0.83870965
24180 0.29730648 0.9166667
24200 0.5858088 0.73333335
24220 0.29409903 0.8703704
24240 0.38638213 0.8703704
24260 0.50466055 0.7297297
24280 0.35591662 0.88709676
24300 0.40452853 0.8703704
24320 0.23085238 0.95454544
24340 0.31294775 0.90625
24360 0.35969526 0.88709676
24380 0.47247738 0.84375
24400 0.51348686 0.7903226
24420 0.35364228 0.9117647
24440 0.33000985 0.87931037
24460 0.24037802 0.92424244
24480 0.2642996 0.9137931
24500 0.46588543 0.78571427
24520 0.18620314 0.962963
24540 0.28390366 0.88709676
24560 0.20989157 0.969697
24580 0.3657856 0.8548387
24600 0.22251728 0.95
24620 0.1915895 0.98333335
24640 0.3322429 0.9354839
24660 0.3608978 0.8833333
24680 0.35603678 0.83928573
24700 0.45829293 0.7962963
24720 0.29595786 0.90909094
24740 0.29135236 0.9137931
24760 0.48425123 0.8103448
24780 0.27377516 0.9354839
24800 0.33532372 0.9259259
24820 0.32603496 0.87931037
24840 0.5787752 0.72
24860 0.30264476 0.921875
24880 0.26918387 0.9027778
24900 0.32728904 0.8965517
24920 0.3402465 0.84375
24940 0.33875757 0.86538464
24960 0.28780693 0.94285715
24980 0.3507466 0.875
25000 0.40825662 0.8333333
25020 0.35547572 0.8333333
25040 0.37862796 0.88709676
25060 0.33554146 0.9230769
25080 0.6281302 0.74242425
25100 0.36178622 0.8382353
25120 0.23731905 0.92424244
25140 0.41154367 0.8666667
25160 0.38900444 0.82258064
25180 0.410773 0.8448276
25200 0.2166067 0.962963
25220 0.34432 0.87096775
25240 0.25256371 0.953125
25260 0.42207325 0.92424244
25280 0.4595468 0.8108108
25300 0.263106 0.921875
25320 0.23811589 0.9027778
25340 0.314976 0.8636364
25360 0.49774325 0.8035714
25380 0.33517316 0.88461536
25400 0.26154202 0.9166667
25420 0.3629936 0.8428571
25440 0.4030213 0.8382353
25460 0.40432835 0.8333333
25480 0.3912496 0.8030303
25500 0.35245532 0.890625
25520 0.27099755 0.9423077
25540 0.40250704 0.8518519
25560 0.4235402 0.8103448
25580 0.3775665 0.8787879
25600 0.25819996 0.93939394
25620 0.36136106 0.8787879
25640 0.32276994 0.91071427
25660 0.29609656 0.9189189
25680 0.459474 0.78333336
25700 0.32497096 0.9230769
25720 0.41768152 0.8382353
25740 0.21375982 0.9848485
25760 0.49342868 0.7962963
25780 0.3745508 0.875
25800 0.25985032 0.9411765
25820 0.3317536 0.85
25840 0.34787318 0.88709676
25860 0.40898862 0.8181818
25880 0.30073595 0.875
25900 0.44595143 0.8333333
25920 0.31618705 0.9259259
25940 0.24450444 0.95454544
25960 0.2860761 0.9117647
25980 0.33360583 0.85294116
26000 0.27949306 0.95454544
26020 0.38883945 0.8235294
26040 0.36548802 0.8214286
26060 0.36670634 0.84
26080 0.3125894 0.9142857
26100 0.2818757 0.8888889
26120 0.37299278 0.8888889
26140 0.42279807 0.8181818
26160 0.51533014 0.7741935
26180 0.32197306 0.85714287
26200 0.36600432 0.859375
26220 0.2798422 0.91071427
26240 0.35041365 0.859375
26260 0.39699548 0.875
26280 0.3655087 0.85714287
26300 0.39067823 0.84375
26320 0.27848178 0.9142857
26340 0.35932848 0.87142855
26360 0.3200436 0.9137931
26380 0.41738275 0.81666666
26400 0.28090006 0.90625
26420 0.2972819 0.89705884
26440 0.29595965 0.9
26460 0.28229684 0.9142857
26480 0.35780522 0.86206895
26500 0.42426828 0.87931037
26520 0.4933464 0.765625
26540 0.33990484 0.8833333
26560 0.5259489 0.8214286
26580 0.34050485 0.9074074
26600 0.32094806 0.9074074
26620 0.30535632 0.91071427
26640 0.275623 0.9516129
26660 0.40591273 0.8125
26680 0.46274635 0.8103448
26700 0.39950672 0.859375
26720 0.35103872 0.859375
26740 0.18689938 0.98333335
26760 0.3371851 0.89285713
26780 0.4273453 0.8103448
26800 0.35354993 0.8636364
26820 0.33365536 0.86538464
26840 0.3834991 0.89285713
26860 0.4001699 0.85
26880 0.35211417 0.8833333
26900 0.32292706 0.9310345
26920 0.38032788 0.8548387
26940 0.31723115 0.8787879
26960 0.34321427 0.828125
26980 0.2093692 0.9375
27000 0.40070567 0.9
27020 0.31666806 0.8703704
27040 0.320086 0.9166667
27060 0.3576063 0.8548387
27080 0.34972918 0.9142857
27100 0.22396576 0.95
27120 0.3707529 0.875
27140 0.28822482 0.88461536
27160 0.3430733 0.87931037
27180 0.4372217 0.83870965
27200 0.3283103 0.8833333
27220 0.21312253 0.9852941
27240 0.17572124 0.96875
27260 0.21060517 0.9375
27280 0.34466892 0.9310345
27300 0.48588344 0.796875
27320 0.42452517 0.875
27340 0.22064403 0.9583333
27360 0.26725256 0.9354839
27380 0.25655103 0.93939394
27400 0.25853464 0.93333334
27420 0.37186027 0.875
27440 0.31985474 0.85714287
27460 0.25225663 0.93939394
27480 0.22375986 0.95
27500 0.30375782 0.91935486
27520 0.20558627 0.95
27540 0.28723207 0.9032258
27560 0.37625352 0.85714287
27580 0.54847765 0.7692308
27600 0.42974725 0.8636364
27620 0.34545428 0.83928573
27640 0.4016694 0.875
27660 0.22475609 0.9705882
27680 0.49441203 0.828125
27700 0.2803361 0.94
27720 0.18362515 0.96875
27740 0.5170388 0.75714284
27760 0.43437755 0.84375
27780 0.32235613 0.890625
27800 0.3559503 0.859375
27820 0.3257256 0.9137931
27840 0.2456882 0.921875
27860 0.4687547 0.8142857
27880 0.29762676 0.9166667
27900 0.34469384 0.8333333
27920 0.4386522 0.82258064
27940 0.38393012 0.8666667
27960 0.34809777 0.8857143
27980 0.3569404 0.85714287
28000 0.41186848 0.84375
28020 0.35664687 0.8484849
28040 0.27544302 0.9444444
28060 0.3049429 0.9230769
28080 0.43737262 0.84615386
28100 0.35494584 0.8888889
28120 0.29346535 0.9285714
28140 0.20959875 0.962963
28160 0.17019507 0.969697
28180 0.26094195 0.93333334
28200 0.29375842 0.90625
28220 0.39893675 0.85714287
28240 0.44745263 0.7758621
28260 0.4165019 0.8
28280 0.36845392 0.859375
28300 0.26541218 0.9117647
28320 0.27182144 0.8783784
28340 0.4151165 0.84375
28360 0.3112038 0.90625
28380 0.33272415 0.8965517
28400 0.3216888 0.9166667
28420 0.2746744 0.92424244
28440 0.28879628 0.9032258
28460 0.82083243 0.7777778
28480 0.3147401 0.87931037
28500 0.29977444 0.9
28520 0.3126482 0.921875
28540 0.34110233 0.8913044
28560 0.49002 0.7352941
28580 0.33510283 0.9
28600 0.37207073 0.88709676
28620 0.31662437 0.91935486
28640 0.19987793 0.98333335
28660 0.3455172 0.8548387
28680 0.30594864 0.87931037
28700 0.3626089 0.8666667
28720 0.39798886 0.8448276
28740 0.4130195 0.8181818
28760 0.26086456 0.9032258
28780 0.25179052 0.95
28800 0.27687472 0.91071427
28820 0.2299468 0.9310345
28840 0.26483417 0.9264706
28860 0.24634422 0.921875
28880 0.213929 0.95454544
28900 0.32738155 0.87096775
28920 0.23794857 0.94827586
28940 0.3175277 0.9166667
28960 0.2769993 0.9166667
28980 0.37698904 0.8428571
29000 0.28456485 0.92424244
29020 0.3549695 0.88461536
29040 0.27662417 0.86206895
29060 0.23790641 0.96666664
29080 0.33972493 0.87931037
29100 0.3008985 0.9285714
29120 0.32255724 0.8787879
29140 0.2632269 0.93333334
29160 0.3736992 0.87096775
29180 0.31780863 0.90625
29200 0.3711054 0.859375
29220 0.45816907 0.8484849
29240 0.26434842 0.93333334
29260 0.45613495 0.82258064
29280 0.44489104 0.84375
29300 0.3208012 0.8518519
29320 0.3597055 0.8484849
29340 0.18898551 0.953125
29360 0.16762635 0.9677419
29380 0.3102794 0.8888889
29400 0.5496529 0.8030303
29420 0.6400786 0.8181818
29440 0.34811404 0.8548387
29460 0.36236367 0.86538464
29480 0.32838896 0.8857143
29500 0.25913617 0.96428573
29520 0.45811763 0.8235294
29540 0.32759702 0.9166667
29560 0.42923346 0.82758623
29580 0.15822846 0.984375
29600 0.21619888 0.9375
29620 0.29493684 0.8888889
29640 0.25747532 0.93939394
29660 0.36786598 0.82258064
29680 0.30988744 0.90909094
29700 0.39649174 0.84375
29720 0.2822125 0.88461536
29740 0.6514527 0.7708333
29760 0.43232983 0.78571427
29780 0.2046756 0.9464286
29800 0.327768 0.8548387
29820 0.5154039 0.8064516
29840 0.2887647 0.9054054
29860 0.20942062 0.9411765
29880 0.23813362 0.9166667
29900 0.3366936 0.91071427
29920 0.30397832 0.9375
29940 0.3138464 0.8939394
29960 0.29369307 0.89705884
29980 0.2772704 0.921875
30000 0.22669011 0.9516129
30020 0.36000752 0.8833333
30040 0.36460033 0.8541667
30060 0.42361128 0.8382353
30080 0.2798457 0.9305556
30100 0.51513875 0.77272725
30120 0.40736103 0.890625
30140 0.3100835 0.890625
30160 0.32970074 0.8833333
30180 0.25228754 0.9
30200 0.22765894 0.9354839
30220 0.31747058 0.9032258
30240 0.25336185 0.9444444
30260 0.31372386 0.87931037
30280 0.228114 0.9354839
30300 0.24825177 0.962963
30320 0.26163486 0.9230769
30340 0.27935877 0.9444444
30360 0.21170752 0.9516129
30380 0.25392425 0.9375
30400 0.3086589 0.9054054
30420 0.22576572 0.9655172
30440 0.17766681 0.9677419
30460 0.2511523 0.9375
30480 0.22527556 0.953125
30500 0.22917382 0.953125
30520 0.31420714 0.91071427
30540 0.19671114 0.98275864
30560 0.42416215 0.83870965
30580 0.21281411 0.962963
30600 0.23610367 0.921875
30620 0.2744086 0.9285714
30640 0.31771597 0.9027778
30660 0.2807331 0.921875
30680 0.24979001 0.9032258
30700 0.36662692 0.890625
30720 0.3894726 0.87096775
30740 0.25349405 0.9411765
30760 0.26333904 0.92
30780 0.2926694 0.88709676
30800 0.15002576 0.98275864
30820 0.22381556 0.9285714
30840 0.45534047 0.8181818
30860 0.24323525 0.9285714
30880 0.27651733 0.9166667
30900 0.33881268 0.875
30920 0.26485044 0.8833333
30940 0.32661453 0.890625
30960 0.31352478 0.859375
30980 0.40781936 0.82258064
31000 0.3357659 0.86206895
31020 0.39165738 0.83870965
31040 0.2661185 0.96153843
31060 0.2194517 0.95454544
31080 0.1863145 0.9677419
31100 0.20745736 0.953125
31120 0.16886221 0.95454544
31140 0.43459624 0.78
31160 0.2735897 0.9032258
31180 0.37562764 0.82258064
31200 0.39718363 0.8125
31220 0.3626968 0.8214286
31240 0.28657687 0.91935486
31260 0.3487144 0.875
31280 0.32503226 0.85714287
31300 0.3243137 0.8787879
31320 0.30418137 0.9074074
31340 0.3319187 0.86206895
31360 0.20317817 0.9444444
31380 0.34643495 0.92424244
31400 0.21470179 0.94
31420 0.2997117 0.89285713
31440 0.23263347 0.90384614
31460 0.33188033 0.9117647
31480 0.37547994 0.8548387
31500 0.2236038 0.953125
31520 0.14095825 0.9852941
31540 0.26747695 0.9423077
31560 0.23946121 0.9310345
31580 0.34261027 0.87931037
31600 0.25143507 0.9310345
31620 0.30194485 0.8787879
31640 0.21909525 0.94827586
31660 0.1785922 0.983871
31680 0.2023178 0.96428573
31700 0.24983917 0.9444444
31720 0.43595922 0.8148148
31740 0.21235926 0.9264706
31760 0.36701283 0.8448276
31780 0.23559774 0.96428573
31800 0.27979612 0.92
31820 0.3263348 0.9137931
31840 0.28292525 0.9074074
31860 0.31612852 0.9074074
31880 0.53516454 0.7916667
31900 0.5100332 0.7878788
31920 0.35841265 0.875
31940 0.33623403 0.92424244
31960 0.26552615 0.90625
31980 0.15716596 0.962963
32000 0.29622674 0.8965517
32020 0.29207984 0.8888889
32040 0.249618 0.9032258
32060 0.25391573 0.9354839
32080 0.32356223 0.85714287
32100 0.27128422 0.85714287
32120 0.2381307 0.921875
32140 0.23842062 0.94827586
32160 0.37927312 0.859375
32180 0.14423181 0.98214287
32200 0.28813887 0.90625
32220 0.23728485 0.953125
32240 0.18461637 0.96153843
32260 0.32212293 0.85
32280 0.25980848 0.9305556
32300 0.29271224 0.9032258
32320 0.30640534 0.9142857
32340 0.20091498 0.953125
32360 0.254445 0.95
32380 0.38537273 0.87931037
32400 0.2521145 0.8888889
32420 0.16779613 0.962963
32440 0.2412171 0.921875
32460 0.17340863 1.0
32480 0.19054833 0.9516129
32500 0.25646397 0.9074074
32520 0.25364682 0.9230769
32540 0.25340423 0.93333334
32560 0.36462545 0.88709676
32580 0.2593859 0.9285714
32600 0.3136825 0.9
32620 0.3242212 0.90384614
32640 0.32475033 0.88709676
32660 0.34664294 0.8666667
32680 0.23511061 0.9655172
32700 0.28728342 0.9259259
32720 0.20623738 0.95
32740 0.20550106 0.94285715
32760 0.21042094 0.9444444
32780 0.22317876 0.9354839
32800 0.32654333 0.8787879
32820 0.1543556 0.983871
32840 0.30467558 0.91935486
32860 0.21535473 0.984375
32880 0.29878938 0.890625
32900 0.19277084 0.962963
32920 0.21033801 0.9166667
32940 0.24787863 0.925
32960 0.29555526 0.9032258
32980 0.39416015 0.83870965
33000 0.20546904 0.90909094
33020 0.24249668 0.8939394
33040 0.2039838 0.9464286
33060 0.25522172 0.94285715
33080 0.26656273 0.921875
33100 0.25598904 0.9259259
33120 0.28426707 0.90909094
33140 0.14783704 0.98333335
33160 0.25787005 0.921875
33180 0.3300863 0.90384614
33200 0.3864278 0.859375
33220 0.25183222 0.9259259
33240 0.27440056 0.9166667
33260 0.34298944 0.90384614
33280 0.30675715 0.9166667
33300 0.3061857 0.90909094
33320 0.2972326 0.89285713
33340 0.17757553 0.96875
33360 0.331428 0.8666667
33380 0.2621735 0.91935486
33400 0.26381144 0.89285713
33420 0.33000726 0.9259259
33440 0.26846522 0.9285714
33460 0.32216373 0.8484849
33480 0.30825895 0.91071427
33500 0.16261902 0.9677419
33520 0.27908668 0.9
33540 0.37978613 0.8611111
33560 0.25534734 0.9814815
33580 0.2681967 0.87931037
33600 0.18324937 0.98333335
33620 0.27634132 0.890625
33640 0.24890292 0.94827586
33660 0.26903695 0.85714287
33680 0.25762695 0.921875
33700 0.274774 0.91935486
33720 0.25234476 0.92424244
33740 0.45692137 0.81666666
33760 0.21233891 0.9516129
33780 0.40410724 0.8965517
33800 0.25984028 0.8918919
33820 0.24641846 0.95
33840 0.15311326 0.9655172
33860 0.22575936 0.921875
33880 0.2184093 0.9558824
33900 0.20264523 0.94827586
33920 0.2746079 0.91935486
33940 0.33873728 0.9310345
33960 0.3083286 0.921875
33980 0.39640462 0.8333333
34000 0.3084726 0.8965517
34020 0.30869332 0.8888889
34040 0.18606102 0.984375
34060 0.30932954 0.8958333
34080 0.22493392 0.983871
34100 0.25904366 0.921875
34120 0.42183602 0.90384614
34140 0.31126413 0.9
34160 0.20534402 0.96153843
34180 0.2590892 0.88709676
34200 0.25583968 0.9354839
34220 0.33599854 0.8518519
34240 0.14780304 0.983871
34260 0.303805 0.8939394
34280 0.3210008 0.87931037
34300 0.2852685 0.890625
34320 0.2225888 0.95
34340 0.20141342 0.94285715
34360 0.3437727 0.8857143
34380 0.23355423 0.9166667
34400 0.3366265 0.86206895
34420 0.30825937 0.86764705
34440 0.16118689 0.9852941
34460 0.35282195 0.8787879
34480 0.21375112 0.953125
34500 0.3975605 0.8703704
34520 0.2183595 0.9714286
34540 0.30457315 0.921875
34560 0.20037678 0.9516129
34580 0.18479939 0.96666664
34600 0.23939142 0.9305556
34620 0.22683592 0.9305556
34640 0.23538461 0.9285714
34660 0.14798139 0.984375
34680 0.21948528 0.9516129
34700 0.16346376 0.9714286
34720 0.2291445 0.953125
34740 0.39260143 0.88235295
34760 0.20992899 0.9677419
34780 0.23465423 0.9117647
34800 0.19299097 0.9677419
34820 0.30321777 0.90625
34840 0.35984626 0.875
34860 0.2688038 0.91935486
34880 0.26323262 0.93333334
34900 0.29732907 0.8666667
34920 0.26988038 0.8939394
34940 0.2744011 0.921875
34960 0.29563096 0.94827586
34980 0.131593 1.0
35000 0.22860026 0.93939394
35020 0.409021 0.8333333
35040 0.35935718 0.8857143
35060 0.27773073 0.8888889
35080 0.27154505 0.95
35100 0.16193163 0.98333335
35120 0.23474963 0.94827586
35140 0.27738994 0.890625
35160 0.22089086 0.9285714
35180 0.33224294 0.890625
35200 0.16213407 0.984375
35220 0.16038303 0.9516129
35240 0.28756356 0.875
35260 0.41682473 0.8787879
35280 0.3033823 0.8787879
35300 0.2044918 0.9464286
35320 0.29940036 0.88709676
35340 0.34414178 0.90384614
35360 0.19096878 0.9848485
35380 0.15609857 1.0
35400 0.21460766 0.9423077
35420 0.21638587 0.9516129
35440 0.32206088 0.87096775
35460 0.3150639 0.8965517
35480 0.23660918 0.90909094
35500 0.20386358 0.9375
35520 0.1754366 0.96875
35540 0.25781783 0.9677419
35560 0.17693605 0.984375
35580 0.28349233 0.88461536
35600 0.24860238 0.9375
35620 0.27029625 0.90625
35640 0.27310425 0.9117647
35660 0.26079422 0.9516129
35680 0.2659496 0.96428573
35700 0.2606794 0.9375
35720 0.3076008 0.90909094
35740 0.39661276 0.8333333
35760 0.2204753 0.9354839
35780 0.15065353 0.969697
35800 0.32749474 0.8787879
35820 0.20461048 0.9444444
35840 0.2898392 0.91935486
35860 0.31637743 0.8648649
35880 0.2614943 0.9137931
35900 0.330099 0.9310345
35920 0.25118208 0.91935486
35940 0.2530729 0.9117647
35960 0.2583788 0.93333334
35980 0.31921387 0.91071427
36000 0.24900822 0.92424244
36020 0.39934957 0.875
36040 0.21340747 0.9285714
36060 0.3331906 0.921875
36080 0.16856326 0.95
36100 0.21210718 0.9354839
36120 0.29262754 0.8888889
36140 0.26343364 0.88709676
36160 0.25824752 0.9375
36180 0.29286098 0.9285714
36200 0.32048863 0.8703704
36220 0.3653989 0.859375
36240 0.14020357 0.983871
36260 0.19048452 0.9444444
36280 0.22013764 0.9264706
36300 0.20374027 0.95454544
36320 0.28483787 0.90909094
36340 0.20323235 0.96666664
36360 0.22267322 0.94
36380 0.16685289 0.98214287
36400 0.18179294 0.94827586
36420 0.15416598 0.98571426
36440 0.15529872 0.96875
36460 0.17310178 0.98275864
36480 0.3006505 0.9166667
36500 0.18110175 0.9264706
36520 0.24095422 0.9464286
36540 0.2686022 0.9142857
36560 0.22759858 0.9166667
36580 0.26120004 0.9375
36600 0.17853715 0.98275864
36620 0.24663249 0.953125
36640 0.41342947 0.8518519
36660 0.25226563 0.91935486
36680 0.21440174 0.9354839
36700 0.44969344 0.85
36720 0.4137563 0.85
36740 0.2559058 0.9464286
36760 0.28062195 0.9074074
36780 0.24370217 0.9516129
36800 0.16586745 1.0
36820 0.39508706 0.8148148
36840 0.20871687 0.953125
36860 0.13837704 0.983871
36880 0.20971662 0.98571426
36900 0.26612657 0.9411765
36920 0.3300825 0.9074074
36940 0.2477942 0.95
36960 0.23393062 0.9375
36980 0.21442416 0.9516129
37000 0.1987351 0.96666664
37020 0.18863735 0.98275864
37040 0.2593477 0.9166667
37060 0.17932789 0.98275864
37080 0.22274756 0.95
37100 0.23841797 0.9444444
37120 0.18781374 0.9558824
37140 0.20358032 0.9464286
37160 0.27746752 0.9444444
37180 0.33763698 0.87142855
37200 0.14176495 1.0
37220 0.3379796 0.8833333
37240 0.38524354 0.84
37260 0.1759549 0.9516129
37280 0.27723053 0.9142857
37300 0.28692713 0.9117647
37320 0.145338 1.0
37340 0.31044897 0.8703704
37360 0.3510244 0.890625
37380 0.2954693 0.91935486
37400 0.2280424 0.93939394
37420 0.17169571 0.969697
37440 0.2320375 0.9264706
37460 0.24187583 0.953125
37480 0.276556 0.87096775
37500 0.26995715 0.921875
37520 0.2833662 0.89285713
37540 0.2652965 0.875
37560 0.21743721 0.9444444
37580 0.38330612 0.8030303
37600 0.13540521 1.0
37620 0.18208714 0.983871
37640 0.28817692 0.9354839
37660 0.2645118 0.9285714
37680 0.27707523 0.9166667
37700 0.5891186 0.8
37720 0.17043649 0.9558824
37740 0.15097815 1.0
37760 0.2486396 0.9375
37780 0.29939687 0.9264706
37800 0.26115227 0.92424244
37820 0.26537234 0.90909094
37840 0.34694806 0.90625
37860 0.17384498 0.9705882
37880 0.29246995 0.921875
37900 0.24415866 0.94827586
37920 0.25801042 0.91935486
37940 0.13275692 0.9861111
37960 0.33971465 0.875
37980 0.25188458 0.9
38000 0.24294786 0.9285714
38020 0.21808206 0.94827586
38040 0.26480523 0.921875
38060 0.26131368 0.9259259
38080 0.24322635 0.96
38100 0.26908618 0.91935486
38120 0.2581125 0.953125
38140 0.25928497 0.92
38160 0.19870624 0.9558824
38180 0.20714925 0.93333334
38200 0.33399433 0.9137931
38220 0.18758094 0.96875
38240 0.24810544 0.9516129
38260 0.22221316 0.94285715
38280 0.24910653 0.91935486
38300 0.3282795 0.9375
38320 0.1723143 0.9722222
38340 0.14965896 0.9852941
38360 0.28096426 0.87931037
38380 0.3293136 0.88709676
38400 0.32381523 0.8703704
38420 0.28551558 0.93333334
38440 0.180048 0.9655172
38460 0.13018464 1.0
38480 0.21000847 0.9166667
38500 0.19813344 0.96666664
38520 0.24977472 0.9074074
38540 0.2469092 0.92
38560 0.29473844 0.9375
38580 0.15269622 0.9807692
38600 0.25340354 0.953125
38620 0.2243287 0.90909094
38640 0.302387 0.89285713
38660 0.33485565 0.8965517
38680 0.27212232 0.9230769
38700 0.20153564 0.9310345
38720 0.20045753 0.9230769
38740 0.37158483 0.85
38760 0.37906024 0.8548387
38780 0.35279584 0.8833333
38800 0.2620927 0.9032258
38820 0.19801137 0.98333335
38840 0.21673793 0.9354839
38860 0.2515014 0.9032258
38880 0.239078 0.9516129
38900 0.1491169 0.98571426
38920 0.39241937 0.85
38940 0.17248671 0.9848485
38960 0.24266064 0.9354839
38980 0.13552481 0.9848485
39000 0.3521815 0.87931037
39020 0.2679989 0.93333334
39040 0.13298401 0.98275864
39060 0.33527052 0.86206895
39080 0.3602651 0.90625
39100 0.43236688 0.875
39120 0.15788968 1.0
39140 0.31613344 0.9259259
39160 0.24614352 0.9354839
39180 0.30303836 0.91935486
39200 0.10645434 1.0
39220 0.28362492 0.8888889
39240 0.2555943 0.92424244
39260 0.20403574 0.9411765
39280 0.20572367 0.98333335
39300 0.19227275 0.96428573
39320 0.26383337 0.92424244
39340 0.23521663 0.92424244
39360 0.2125189 0.9285714
39380 0.22521709 0.96428573
39400 0.1908343 0.9516129
39420 0.30994335 0.9032258
39440 0.3861941 0.85294116
39460 0.30854574 0.88235295
39480 0.3038894 0.890625
39500 0.25781387 0.9117647
39520 0.20348828 0.94827586
39540 0.27302653 0.8939394
39560 0.33412656 0.8965517
39580 0.11742771 0.984375
39600 0.27365938 0.9137931
39620 0.2109618 0.9310345
39640 0.3628114 0.86538464
39660 0.24192138 0.9166667
39680 0.32479393 0.89285713
39700 0.20378451 0.9558824
39720 0.21870771 0.962963
39740 0.22081842 0.953125
39760 0.3172818 0.90909094
39780 0.23768395 0.9142857
39800 0.18567142 0.9791667
39820 0.314306 0.9074074
39840 0.46536073 0.7592593
39860 0.26021296 0.9166667
39880 0.26418388 0.9354839
39900 0.1703189 0.962963
39920 0.22367083 0.9032258
39940 0.18910278 0.9705882
39960 0.34423536 0.87931037
39980 0.3049285 0.9
40000 0.1584426 0.984375
40020 0.16711736 0.96428573
40040 0.19970532 0.9791667
40060 0.28783265 0.890625
40080 0.22381015 0.9166667
40100 0.33393002 0.88
40120 0.2028951 0.96666664
40140 0.15974014 0.9791667
40160 0.26884145 0.921875
40180 0.2052112 0.9655172
40200 0.32722038 0.87142855
40220 0.22121732 0.9464286
40240 0.24955238 0.9354839
40260 0.23063882 0.93333334
40280 0.2830149 0.9
40300 0.22102667 0.9444444
40320 0.12990223 0.9814815
40340 0.2800872 0.89285713
40360 0.2004694 0.95652175
40380 0.3224005 0.92
40400 0.18811768 0.921875
40420 0.30930358 0.9411765
40440 0.17045552 0.94827586
40460 0.15211606 1.0
40480 0.26845622 0.890625
40500 0.33465835 0.86206895
40520 0.20010293 0.96666664
40540 0.114917465 1.0
40560 0.19346793 0.96875
40580 0.24396946 0.9354839
40600 0.2381099 0.90625
40620 0.2629912 0.9166667
40640 0.19291307 0.94827586
40660 0.25399032 0.9677419
40680 0.1610433 0.96666664
40700 0.29574364 0.9032258
40720 0.18991782 0.9285714
40740 0.28556523 0.9032258
40760 0.39059195 0.84615386
40780 0.39991197 0.828125
40800 0.22493823 0.9558824
40820 0.16039918 0.9464286
40840 0.19994813 0.9464286
40860 0.1923161 0.95454544
40880 0.1635353 0.96
40900 0.14307424 0.98275864
40920 0.18182237 0.96875
40940 0.27288345 0.90909094
40960 0.2834194 0.9137931
40980 0.23566535 0.953125
41000 0.20722757 0.921875
41020 0.31761566 0.88709676
41040 0.19550014 0.96666664
41060 0.24363066 0.94827586
41080 0.24036686 0.9137931
41100 0.43707833 0.7941176
41120 0.25115004 0.91935486
41140 0.10928666 1.0
41160 0.16195798 0.969697
41180 0.14981236 0.9814815
41200 0.17570406 0.95454544
41220 0.1603005 0.984375
41240 0.14243434 0.96875
41260 0.21310326 0.9354839
41280 0.26034585 0.9032258
41300 0.18148592 0.96666664
41320 0.19935802 0.95
41340 0.27582353 0.9264706
41360 0.2334955 0.9354839
41380 0.21813644 0.91935486
41400 0.20653333 0.9655172
41420 0.344791 0.9142857
41440 0.26140264 0.8965517
41460 0.14789784 0.98214287
41480 0.20559813 0.9791667
41500 0.27611595 0.9375
41520 0.17530237 0.9655172
41540 0.173409 0.9444444
41560 0.23319983 0.9354839
41580 0.34706768 0.8787879
41600 0.2824711 0.94827586
41620 0.29722652 0.86206895
41640 0.17485546 0.9605263
41660 0.17809683 0.9411765
41680 0.13460161 0.983871
41700 0.1879534 0.98333335
41720 0.18422481 0.969697
41740 0.22888921 0.9677419
41760 0.18670952 0.96875
41780 0.29949436 0.9
41800 0.16755675 0.983871
41820 0.20030187 0.93939394
41840 0.17486323 0.96875
41860 0.20384485 0.95454544
41880 0.20325664 0.95
41900 0.14069483 0.98275864
41920 0.16413689 0.9782609
41940 0.25070354 0.91935486
41960 0.1549274 0.984375
41980 0.28228202 0.91071427
42000 0.19785091 0.9814815
42020 0.25453153 0.8939394
42040 0.36925277 0.86764705
42060 0.13843554 0.9852941
42080 0.14586072 0.9705882
42100 0.28663105 0.875
42120 0.14701082 0.9677419
42140 0.3168896 0.9516129
42160 0.24417177 0.93333334
42180 0.13315517 0.984375
42200 0.20688681 0.953125
42220 0.23180185 0.9137931
42240 0.17246315 0.96666664
42260 0.15777545 0.9444444
42280 0.35269833 0.88461536
42300 0.22832175 0.921875
42320 0.19913918 0.98333335
42340 0.22519878 0.9264706
42360 0.27841613 0.93333334
42380 0.2294575 0.93333334
42400 0.14883149 0.9722222
42420 0.14410353 0.9814815
42440 0.12324845 0.9791667
42460 0.20321195 0.9285714
42480 0.31578514 0.88
42500 0.20325777 0.98333335
42520 0.21673653 0.9310345
42540 0.28146738 0.94
42560 0.1880689 0.9705882
42580 0.14535639 0.9861111
42600 0.18389371 0.953125
42620 0.18388823 0.95454544
42640 0.12153168 0.98333335
42660 0.13942088 0.9814815
42680 0.23134674 0.91935486
42700 0.15958963 0.9655172
42720 0.15919134 0.9677419
42740 0.26650554 0.9166667
42760 0.14635296 1.0
42780 0.19133554 0.95714283
42800 0.18400738 0.953125
42820 0.32737744 0.90625
42840 0.30320704 0.88709676
42860 0.13584533 0.98333335
42880 0.23700128 0.9054054
42900 0.28992355 0.90625
42920 0.22993849 0.9117647
42940 0.27452165 0.9259259
42960 0.415824 0.8636364
42980 0.22556704 0.96875
43000 0.2479325 0.95454544
43020 0.24627163 0.9166667
43040 0.22709818 0.95454544
43060 0.32493895 0.91071427
43080 0.19269729 0.96875
43100 0.26141578 0.921875
43120 0.15646622 0.9516129
43140 0.17292584 0.96875
43160 0.20487544 0.94285715
43180 0.18912797 0.9464286
43200 0.36653367 0.875
43220 0.32089874 0.87931037
43240 0.34296042 0.88235295
43260 0.1654908 0.9861111
43280 0.21842499 0.9464286
43300 0.3784322 0.83870965
43320 0.2781957 0.88709676
43340 0.3219965 0.9
43360 0.18756226 0.9411765
43380 0.2917148 0.8939394
43400 0.21332397 0.9354839
43420 0.22643447 0.95
43440 0.21527922 0.9655172
43460 0.13424492 0.98214287
43480 0.13557671 0.9782609
43500 0.18106066 0.9594595
43520 0.30834585 0.8965517
43540 0.30404523 0.90909094
43560 0.19955789 1.0
43580 0.20170245 0.96428573
43600 0.21658458 0.98275864
43620 0.1681603 0.9705882
43640 0.39436248 0.84375
43660 0.17386658 0.969697
43680 0.18873788 0.98333335
43700 0.18329032 0.9516129
43720 0.23014358 0.93333334
43740 0.32628724 0.8888889
43760 0.31239054 0.8947368
43780 0.13729133 1.0
43800 0.23135144 0.91935486
43820 0.18733132 0.9655172
43840 0.23847856 0.9259259
43860 0.18767476 0.9516129
43880 0.12903216 1.0
43900 0.16503905 0.9558824
43920 0.19683582 0.9677419
43940 0.22735897 0.9464286
43960 0.2582792 0.9655172
43980 0.244062 0.95
44000 0.13723868 0.983871
44020 0.34200174 0.9
44040 0.15749352 0.9852941
44060 0.17424649 0.96428573
44080 0.22680558 0.9310345
44100 0.2512788 0.9310345
44120 0.31329408 0.91935486
44140 0.22078231 0.9516129
44160 0.24630345 0.92
44180 0.17448488 0.9655172
44200 0.20258464 0.9464286
44220 0.21290179 0.9411765
44240 0.35342234 0.88235295
44260 0.14872536 0.983871
44280 0.25427806 0.9285714
44300 0.2229599 0.94285715
44320 0.1519441 0.9807692
44340 0.15592475 0.96875
44360 0.26460677 0.9117647
44380 0.2936931 0.8913044
44400 0.2580003 0.89705884
44420 0.20293343 0.91935486
44440 0.26789537 0.90909094
44460 0.27479374 0.9230769
44480 0.25321272 0.91071427
44500 0.24341024 0.9166667
44520 0.24196051 0.9411765
44540 0.16473071 0.9814815
44560 0.23299965 0.9516129
44580 0.16382381 0.9722222
44600 0.1925364 0.983871
44620 0.27050248 0.9285714
44640 0.21282867 0.9594595
44660 0.1619301 0.98
44680 0.22699362 0.9516129
44700 0.2573279 0.91935486
44720 0.14063123 1.0
44740 0.2885796 0.89705884
44760 0.18656953 0.9852941
44780 0.24209075 0.962963
44800 0.24155919 0.9285714
44820 0.19556801 0.9264706
44840 0.17058483 0.98571426
44860 0.3066454 0.9032258
44880 0.11590793 1.0
44900 0.2808088 0.90909094
44920 0.23936875 0.9166667
44940 0.19896281 0.94285715
44960 0.28351188 0.8888889
44980 0.2554654 0.93939394
45000 0.23610361 0.9354839
45020 0.15102199 1.0
45040 0.2818986 0.94827586
45060 0.30954513 0.9
45080 0.29007345 0.8666667
45100 0.32352495 0.890625
45120 0.35698816 0.875
45140 0.25149518 0.89285713
45160 0.17246321 0.96666664
45180 0.27938914 0.87931037
45200 0.21805225 0.9516129
45220 0.31880417 0.92424244
45240 0.2491586 0.9074074
45260 0.19566606 0.9375
45280 0.25211 0.9285714
45300 0.15830645 0.98275864
45320 0.17152564 0.9558824
45340 0.19056001 0.96428573
45360 0.17623052 0.95454544
45380 0.23661393 0.9444444
45400 0.20059876 0.96428573
45420 0.19963731 0.95454544
45440 0.35580188 0.86538464
45460 0.20483214 0.9583333
45480 0.20031744 0.95
45500 0.20843036 0.95
45520 0.290669 0.9375
45540 0.20026258 0.9354839
45560 0.15159453 0.984375
45580 0.10942746 1.0
45600 0.30319676 0.9375
45620 0.19049004 0.98214287
45640 0.2940477 0.8965517
45660 0.114607684 1.0
45680 0.2724242 0.9516129
45700 0.29570273 0.96
45720 0.13792211 1.0
45740 0.29390317 0.921875
45760 0.17340514 0.98333335
45780 0.21201608 0.95
45800 0.18821213 0.9354839
45820 0.15311797 0.98275864
45840 0.25834453 0.94
45860 0.11705513 1.0
45880 0.2764544 0.8833333
45900 0.21612623 0.93333334
45920 0.18311147 0.93939394
45940 0.22552566 0.9459459
45960 0.15703832 0.9705882
45980 0.28294304 0.875
46000 0.15650879 0.962963
46020 0.23240842 0.9464286
46040 0.13348666 0.969697
46060 0.16853802 0.9655172
46080 0.27756178 0.9354839
46100 0.23108707 0.9264706
46120 0.455865 0.8269231
46140 0.1792314 0.9655172
46160 0.12987858 1.0
46180 0.22962639 0.9305556
46200 0.27582818 0.9310345
46220 0.2566396 0.9285714
46240 0.1876027 0.97727275
46260 0.36368972 0.8333333
46280 0.364238 0.9166667
46300 0.23708326 0.92424244
46320 0.14643222 0.962963
46340 0.27850747 0.95454544
46360 0.17313388 0.9558824
46380 0.2533758 0.8888889
46400 0.16113934 0.984375
46420 0.31639355 0.9264706
46440 0.14005598 0.96666664
46460 0.34104207 0.9054054
46480 0.32304165 0.91935486
46500 0.30009833 0.8833333
46520 0.18584776 0.9516129
46540 0.23309003 0.93333334
46560 0.15817982 0.96428573
46580 0.13964202 0.9807692
46600 0.1745939 0.984375
46620 0.283595 0.8888889
46640 0.25406212 0.95
46660 0.19472015 0.969697
46680 0.17191751 0.9516129
46700 0.21499164 0.92
46720 0.18153873 0.98333335
46740 0.14197129 0.9814815
46760 0.13359599 0.96666664
46780 0.17230274 0.9848485
46800 0.22311515 0.969697
46820 0.18114583 0.95714283
46840 0.23413926 0.95714283
46860 0.18185107 0.96428573
46880 0.12762308 0.98275864
46900 0.16123405 0.969697
46920 0.28143206 0.92424244
46940 0.2577941 0.9464286
46960 0.22935447 0.95
46980 0.25489628 0.9310345
47000 0.15703872 0.96875
47020 0.37245575 0.8333333
47040 0.13519357 0.984375
47060 0.17772272 0.9705882
47080 0.17960991 0.962963
47100 0.2306508 0.93939394
47120 0.2583294 0.9375
47140 0.11359976 0.9861111
47160 0.22455266 0.95
47180 0.24062078 0.921875
47200 0.23779525 0.95454544
47220 0.27191475 0.90625
47240 0.19538929 0.94827586
47260 0.1668431 0.98
47280 0.19132131 0.9655172
47300 0.19408293 0.9354839
47320 0.2907976 0.9375
47340 0.16855472 0.96875
47360 0.23290229 0.91071427
47380 0.19164269 0.9310345
47400 0.15352717 0.962963
47420 0.2724389 0.9166667
47440 0.15075979 0.98333335
47460 0.2534693 0.9464286
47480 0.16230099 0.9705882
47500 0.17436896 0.98275864
47520 0.26355356 0.88461536
47540 0.29614487 0.875
47560 0.4383269 0.8787879
47580 0.16779281 0.962963
47600 0.2581447 0.9
47620 0.15387088 0.96666664
47640 0.2107392 0.98214287
47660 0.14549874 0.969697
47680 0.1833893 0.9791667
47700 0.16203994 0.9848485
47720 0.35796362 0.88
47740 0.1379814 1.0
47760 0.22320099 0.9264706
47780 0.23861049 0.9310345
47800 0.30438173 0.8548387
47820 0.21280712 0.9411765
47840 0.28869545 0.9264706
47860 0.21208377 0.921875
47880 0.27421415 0.9264706
47900 0.1700016 0.96666664
47920 0.17721345 0.96875
47940 0.1359951 0.96875
47960 0.20101027 0.9464286
47980 0.21201682 0.9354839
48000 0.22237659 0.953125
48020 0.18238969 0.969697
48040 0.27077737 0.92105263
48060 0.28026712 0.8958333
48080 0.15204744 0.98571426
48100 0.22826388 0.91935486
48120 0.26309073 0.88709676
48140 0.30420193 0.9285714
48160 0.29219192 0.9166667
48180 0.15008816 0.962963
48200 0.2870184 0.9285714
48220 0.1628131 0.96666664
48240 0.30324826 0.91935486
48260 0.29857263 0.9354839
48280 0.25036147 0.91935486
48300 0.17180878 0.9516129
48320 0.1742367 0.9375
48340 0.20361666 0.94285715
48360 0.13940646 0.98333335
48380 0.13576977 1.0
48400 0.14931981 0.9814815
48420 0.1567003 0.9411765
48440 0.1411576 0.9791667
48460 0.21031967 0.9423077
48480 0.19162288 0.98571426
48500 0.14893664 0.98333335
48520 0.28759393 0.93333334
48540 0.25938237 0.921875
48560 0.23447068 0.9259259
48580 0.28382954 0.88709676
48600 0.13893132 0.9848485
48620 0.11176673 1.0
48640 0.38223043 0.86206895
48660 0.15781446 0.984375
48680 0.17254882 0.96875
48700 0.28442818 0.9230769
48720 0.27004313 0.9117647
48740 0.13250045 0.9814815
48760 0.2841108 0.9324324
48780 0.15452257 0.9677419
48800 0.14793536 1.0
48820 0.14036769 0.98333335
48840 0.31226254 0.9074074
48860 0.1524071 0.98214287
48880 0.22015505 0.90625
48900 0.15439953 0.98333335
48920 0.11467167 1.0
48940 0.30477744 0.86764705
48960 0.2667014 0.9032258
48980 0.11983427 0.96666664
49000 0.20105796 0.95
49020 0.18807912 0.9583333
49040 0.14073333 1.0
49060 0.31908655 0.8636364
49080 0.22925262 0.92
49100 0.23688333 0.9166667
49120 0.17652112 0.96428573
49140 0.2862889 0.9285714
49160 0.13835889 0.984375
49180 0.19003426 0.94827586
49200 0.24988693 0.9583333
49220 0.22593887 0.96
49240 0.20149204 0.96875
49260 0.15954457 0.9852941
49280 0.21601972 0.9516129
49300 0.13161801 1.0
49320 0.14820866 0.9677419
49340 0.31216645 0.85714287
49360 0.32167855 0.8965517
49380 0.23179774 0.95454544
49400 0.22395325 0.95
49420 0.35212076 0.9
49440 0.13889328 1.0
49460 0.2754489 0.9
49480 0.22394888 0.9142857
49500 0.22568345 0.9807692
49520 0.23341113 0.94
49540 0.28091973 0.9137931
49560 0.3143318 0.9
49580 0.20474699 0.93333334
49600 0.2635761 0.91935486
49620 0.20857893 0.94285715
49640 0.17555778 0.9814815
49660 0.20591821 0.9705882
49680 0.19786258 0.96875
49700 0.2566251 0.90384614
49720 0.1591413 0.9558824
49740 0.19409254 0.9375
49760 0.19201134 0.92424244
49780 0.18896341 0.95454544
49800 0.37356248 0.8787879
49820 0.30822304 0.8857143
49840 0.16582023 0.95454544
49860 0.15028626 0.9864865
49880 0.14310455 0.9848485
49900 0.109935105 1.0
49920 0.20105575 0.95
49940 0.10633349 1.0
49960 0.16447394 0.983871
49980 0.2496919 0.9142857
50000 0.20509644 0.9558824
50020 0.17536792 0.9705882
50040 0.25345635 0.9558824
50060 0.32446295 0.8833333
50080 0.15158473 0.96875
50100 0.115112655 0.98333335
50120 0.21253839 0.921875
50140 0.18342435 0.95454544
50160 0.18382013 0.96875
50180 0.17390355 0.94827586
50200 0.14464577 0.9848485
50220 0.21669875 0.94827586
50240 0.21003343 0.95
50260 0.18632746 0.9411765
50280 0.34382284 0.8815789
50300 0.15146081 0.969697
50320 0.1913007 0.9444444
50340 0.11740085 1.0
50360 0.24114473 0.9074074
50380 0.101526916 1.0
50400 0.13807555 0.9714286
50420 0.17365804 0.9714286
50440 0.1668133 0.96428573
50460 0.2248237 0.9677419
50480 0.19590157 0.969697
50500 0.20105998 0.9655172
50520 0.16775586 0.9375
50540 0.15084487 0.983871
50560 0.107588515 0.984375
50580 0.18583353 0.9444444
50600 0.15568013 0.98214287
50620 0.14203742 0.98275864
50640 0.12955506 1.0
50660 0.21337602 0.92424244
50680 0.165598 0.96428573
50700 0.23783244 0.9117647
50720 0.2049793 0.94827586
50740 0.15203674 0.969697
50760 0.15578082 0.9677419
50780 0.18927255 0.95
50800 0.1368091 0.98214287
50820 0.12392396 1.0
50840 0.17430152 0.9677419
50860 0.5670778 0.82857144
50880 0.15236796 0.98275864
50900 0.18288639 0.9655172
50920 0.26161167 0.90625
50940 0.209115 0.93333334
50960 0.16484487 0.9814815
50980 0.2761865 0.9166667
51000 0.16430956 0.96428573
51020 0.1818338 0.9814815
51040 0.21411756 0.91935486
51060 0.16749841 0.9583333
51080 0.20885931 0.96666664
51100 0.24678615 0.921875
51120 0.33107388 0.9259259
51140 0.24998687 0.90909094
51160 0.22161336 0.953125
51180 0.24852467 0.9411765
51200 0.23134314 0.92424244
51220 0.2577511 0.953125
51240 0.13733448 0.98333335
51260 0.22699326 0.9310345
51280 0.25464234 0.88709676
51300 0.2548992 0.953125
51320 0.2806941 0.9032258
51340 0.18004857 0.9464286
51360 0.408482 0.88709676
51380 0.31308427 0.921875
51400 0.17913906 0.9714286
51420 0.43530437 0.8333333
51440 0.16530362 0.96875
51460 0.19089375 0.9375
51480 0.19113374 0.95
51500 0.13558435 1.0
51520 0.32139346 0.9264706
51540 0.23156862 0.91935486
51560 0.19520378 0.95
51580 0.1369022 0.98214287
51600 0.23040001 0.9285714
51620 0.2873263 0.90625
51640 0.12723498 0.98275864
51660 0.18758626 0.9558824
51680 0.16081972 0.9852941
51700 0.15425119 0.97727275
51720 0.36508176 0.8448276
51740 0.22007073 0.9444444
51760 0.16125147 0.9516129
51780 0.23945935 0.921875
51800 0.19159041 0.93939394
51820 0.2630727 0.9230769
51840 0.27945778 0.8939394
51860 0.101011984 1.0
51880 0.12312118 0.984375
51900 0.19748104 0.96
51920 0.24770695 0.95454544
51940 0.20644934 0.94285715
51960 0.12946607 0.9791667
51980 0.15753093 0.969697
52000 0.1496939 0.98571426
52020 0.20598744 0.9310345
52040 0.116560206 0.98275864
52060 0.17157418 0.9285714
52080 0.42160663 0.82258064
52100 0.10096057 1.0
52120 0.13291311 0.962963
52140 0.21880314 0.9516129
52160 0.27511865 0.93333334
52180 0.18936528 0.95454544
52200 0.18305227 0.95454544
52220 0.22367541 0.9375
52240 0.16410066 0.983871
52260 0.13840944 0.983871
52280 0.24954388 0.8939394
52300 0.20964864 0.9411765
52320 0.17299041 0.95454544
52340 0.12732995 1.0
52360 0.21781369 0.9310345
52380 0.201365 0.9166667
52400 0.1303084 0.98275864
52420 0.2629446 0.89705884
52440 0.19637538 0.9411765
52460 0.15119079 0.9583333
52480 0.102715224 0.983871
52500 0.20033202 0.983871
52520 0.1731235 0.96428573
52540 0.19497402 0.94827586
52560 0.2548531 0.9264706
52580 0.093009144 1.0
52600 0.1793857 0.95
52620 0.26163095 0.9259259
52640 0.26161265 0.9285714
52660 0.20317973 0.969697
52680 0.15416853 0.98571426
52700 0.24210255 0.9464286
52720 0.19367756 0.9677419
52740 0.12733947 0.9807692
52760 0.19514051 0.95714283
52780 0.2920032 0.9444444
52800 0.13587001 0.9848485
52820 0.26250884 0.9310345
52840 0.14484568 0.9814815
52860 0.10028686 1.0
52880 0.21685357 0.93939394
52900 0.188906 0.9347826
52920 0.21798342 0.9354839
52940 0.104532495 1.0
52960 0.18183696 0.98333335
52980 0.12226979 0.9705882
53000 0.14262408 0.969697
53020 0.10885346 0.9861111
53040 0.26758042 0.95
53060 0.21744293 0.9411765
53080 0.23956183 0.96875
53100 0.16258901 0.95454544
53120 0.16259326 0.9516129
53140 0.15078138 0.9714286
53160 0.11040414 0.984375
53180 0.18255511 0.9516129
53200 0.25517866 0.92424244
53220 0.22225398 0.9354839
53240 0.38310522 0.88709676
53260 0.1559895 0.96875
53280 0.1423499 0.98333335
53300 0.21453808 0.94285715
53320 0.19646616 0.953125
53340 0.265401 0.9285714
53360 0.17414264 0.9655172
53380 0.14508055 0.98275864
53400 0.19068862 0.9558824
53420 0.21840326 0.9142857
53440 0.32168397 0.8939394
53460 0.27091074 0.921875
53480 0.30041018 0.9464286
53500 0.2239127 0.94285715
53520 0.2068076 0.953125
53540 0.12198068 1.0
53560 0.15012893 0.9677419
53580 0.1611209 0.9677419
53600 0.32171652 0.8888889
53620 0.12136898 1.0
53640 0.1956413 0.9516129
53660 0.15819527 0.984375
53680 0.30475733 0.9259259
53700 0.16449825 0.96
53720 0.17590949 0.9705882
53740 0.18116313 0.96428573
53760 0.124394536 0.98275864
53780 0.17169185 0.96666664
53800 0.1709013 0.96
53820 0.17893755 0.953125
53840 0.22570826 0.96666664
53860 0.14101827 0.98333335
53880 0.21442649 0.9285714
53900 0.147719 0.98333335
53920 0.108528376 1.0
53940 0.19845694 0.95454544
53960 0.38807335 0.8484849
53980 0.26480088 0.92424244
54000 0.24959758 0.9411765
54020 0.20610239 0.9516129
54040 0.13716649 0.9852941
54060 0.1645527 0.98333335
54080 0.10368933 1.0
54100 0.17101322 0.98333335
54120 0.12992948 0.984375
54140 0.18873136 0.9444444
54160 0.13278477 0.9791667
54180 0.363082 0.86206895
54200 0.28822392 0.890625
54220 0.11991978 0.983871
54240 0.23042263 0.93333334
54260 0.20741472 0.9516129
54280 0.13127883 0.984375
54300 0.15847291 0.96428573
54320 0.2476054 0.90625
54340 0.12245491 0.9864865
54360 0.22017048 0.9459459
54380 0.23492253 0.9259259
54400 0.21260467 0.93939394
54420 0.13068883 0.98214287
54440 0.3402633 0.8888889
54460 0.20165367 0.92424244
54480 0.10714038 1.0
54500 0.14913717 0.95714283
54520 0.3332622 0.90625
54540 0.15101005 0.983871
54560 0.103529915 1.0
54580 0.18885739 0.9791667
54600 0.28700712 0.90625
54620 0.18436146 0.9558824
54640 0.3063158 0.9
54660 0.12894563 0.9848485
54680 0.10249853 1.0
54700 0.13337487 0.9848485
54720 0.18357605 0.953125
54740 0.18219452 0.9375
54760 0.12184028 1.0
54780 0.13454539 1.0
54800 0.21581356 0.9423077
54820 0.16690534 0.96875
54840 0.13646904 0.98333335
54860 0.27360478 0.9117647
54880 0.23890075 0.9423077
54900 0.23178731 0.962963
54920 0.22673184 0.9375
54940 0.14289996 0.98333335
54960 0.28440368 0.921875
54980 0.15542772 0.9852941
55000 0.21805778 0.9444444
55020 0.16343595 0.94827586
55040 0.11949495 1.0
55060 0.16770399 0.962963
55080 0.16503714 0.9705882
55100 0.09915304 1.0
55120 0.24983715 0.9137931
55140 0.12788633 1.0
55160 0.15559514 0.953125
55180 0.2128529 0.9310345
55200 0.19367307 0.95454544
55220 0.09064851 1.0
55240 0.11853073 0.9655172
55260 0.16021791 0.9655172
55280 0.15449743 0.9848485
55300 0.122203656 0.98275864
55320 0.13165863 0.98275864
55340 0.23565885 0.95
55360 0.16339894 0.972973
55380 0.21902347 0.9464286
55400 0.25054133 0.90625
55420 0.18919809 0.96666664
55440 0.17067133 0.9375
55460 0.12238385 0.98333335
55480 0.14935274 1.0
55500 0.17070162 0.98214287
55520 0.17407493 0.95238096
55540 0.17525594 0.9464286
55560 0.22657722 0.9375
55580 0.13775155 0.98214287
55600 0.1700157 0.94285715
55620 0.23482177 0.9411765
55640 0.18077818 0.9705882
55660 0.16343495 0.9677419
55680 0.19633223 0.96666664
55700 0.12056882 0.984375
55720 0.20163889 0.9166667
55740 0.15669696 0.9814815
55760 0.22112565 0.9375
55780 0.17589816 0.9814815
55800 0.16143659 0.95
55820 0.2603356 0.90625
55840 0.19881213 0.9583333
55860 0.16195332 0.953125
55880 0.2701773 0.89705884
55900 0.16484421 0.9705882
55920 0.20429967 0.9705882
55940 0.1694837 0.9516129
55960 0.29386652 0.9230769
55980 0.15238239 0.98333335
56000 0.389379 0.91071427
56020 0.109643646 1.0
56040 0.14185722 0.9677419
56060 0.22957262 0.95454544
56080 0.20929407 0.9230769
56100 0.22945489 0.92424244
56120 0.18812704 0.9464286
56140 0.23634346 0.9354839
56160 0.19708864 0.9655172
56180 0.13512313 1.0
56200 0.13023472 1.0
56220 0.2847639 0.93939394
56240 0.14091437 0.983871
56260 0.2419436 0.9310345
56280 0.21704732 0.9722222
56300 0.16889496 0.9516129
56320 0.11020914 1.0
56340 0.16607593 0.9583333
56360 0.15766273 0.969697
56380 0.22622429 0.921875
56400 0.13521135 0.98333335
56420 0.1513306 0.9677419
56440 0.20047091 0.9375
56460 0.20041914 0.953125
56480 0.19726329 0.94285715
56500 0.21711552 0.9310345
56520 0.11483667 1.0
56540 0.112928435 0.9705882
56560 0.41637605 0.8333333
56580 0.38941208 0.86206895
56600 0.21270262 0.95714283
56620 0.16301082 0.98275864
56640 0.21309519 0.94
56660 0.30120382 0.93333334
56680 0.20496793 0.94285715
56700 0.20425722 0.962963
56720 0.16403936 0.9705882
56740 0.20848492 0.9677419
56760 0.24792756 0.9375
56780 0.16817367 0.95454544
56800 0.27457473 0.8787879
56820 0.21861 0.9354839
56840 0.16313507 0.9516129
56860 0.1381685 0.9655172
56880 0.16268735 0.9807692
56900 0.21773091 0.93333334
56920 0.24262838 0.921875
56940 0.281351 0.9354839
56960 0.12273965 0.983871
56980 0.21692744 0.9558824
57000 0.148389 0.98275864
57020 0.21204458 0.9318182
57040 0.12444636 0.98275864
57060 0.13315648 1.0
57080 0.184733 0.9677419
57100 0.17962512 0.96428573
57120 0.124541655 1.0
57140 0.16759987 0.9814815
57160 0.18158565 0.93333334
57180 0.18079938 0.9705882
57200 0.20241103 0.94285715
57220 0.12374854 1.0
57240 0.15480554 0.96153843
57260 0.099969104 1.0
57280 0.13441506 0.984375
57300 0.119661406 0.983871
57320 0.15183555 0.98275864
57340 0.14903042 0.96666664
57360 0.13817886 0.98275864
57380 0.15951365 0.953125
57400 0.22964695 0.9310345
57420 0.15438691 0.9861111
57440 0.10615311 1.0
57460 0.22098956 0.95714283
57480 0.11473969 0.984375
57500 0.15171936 0.96875
57520 0.16954398 0.94285715
57540 0.23298018 0.921875
57560 0.13120921 0.9852941
57580 0.11865298 0.98333335
57600 0.19545522 0.96153843
57620 0.16967481 0.98214287
57640 0.20187151 0.9516129
57660 0.2304614 0.9305556
57680 0.19288978 0.9655172
57700 0.13594954 1.0
57720 0.23319474 0.95454544
57740 0.18011712 0.9705882
57760 0.18918298 0.9464286
57780 0.17209958 0.9677419
57800 0.19177295 0.9516129
57820 0.2321735 0.9264706
57840 0.19843064 0.94
57860 0.22643459 0.9354839
57880 0.22302097 0.95454544
57900 0.09746201 1.0
57920 0.16701908 0.9375
57940 0.15231742 0.983871
57960 0.15839373 0.969697
57980 0.26409304 0.9285714
58000 0.19367912 0.95
58020 0.22802275 0.9411765
58040 0.23544772 0.9
58060 0.2678911 0.9142857
58080 0.103929296 1.0
58100 0.21349518 0.96428573
58120 0.22535077 0.9264706
58140 0.10652916 1.0
58160 0.15707885 0.98
58180 0.18128952 0.9655172
58200 0.21013752 0.93333334
58220 0.11251201 0.9814815
58240 0.25359157 0.9444444
58260 0.14470033 0.9705882
58280 0.18261652 0.94827586
58300 0.145312 0.9677419
58320 0.22483052 0.962963
58340 0.23628476 0.9142857
58360 0.17915347 0.9558824
58380 0.271682 0.9032258
58400 0.19546854 0.98214287
58420 0.21776819 0.94285715
58440 0.25372532 0.9032258
58460 0.16504438 0.9655172
58480 0.20100291 0.98275864
58500 0.14927702 0.984375
58520 0.09500133 1.0
58540 0.29133508 0.9027778
58560 0.27495855 0.9032258
58580 0.12500559 0.98333335
58600 0.17826387 0.95454544
58620 0.16215034 0.96875
58640 0.11493762 0.98214287
58660 0.10986115 0.9861111
58680 0.17777687 0.95
58700 0.24821246 0.9354839
58720 0.22001065 0.94827586
58740 0.22094308 0.9375
58760 0.14726222 0.95714283
58780 0.21983089 0.95454544
58800 0.15206322 1.0
58820 0.19472541 0.93333334
58840 0.1081242 1.0
58860 0.1543334 0.98571426
58880 0.118566185 1.0
58900 0.16841637 0.953125
58920 0.11184795 1.0
58940 0.15236436 0.98333335
58960 0.21176377 0.96153843
58980 0.13867657 0.9864865
59000 0.19642219 0.9354839
59020 0.21569437 0.93333334
59040 0.12811038 0.984375
59060 0.20172943 0.94827586
59080 0.17544249 0.9861111
59100 0.22042625 0.9411765
59120 0.31772384 0.8787879
59140 0.29631057 0.87096775
59160 0.12396522 1.0
59180 0.12869182 0.98214287
59200 0.11876654 1.0
59220 0.23521848 0.9516129
59240 0.29347974 0.9264706
59260 0.12493054 0.98333335
59280 0.14993279 0.98275864
59300 0.14065352 0.953125
59320 0.4166048 0.8518519
59340 0.16378556 0.953125
59360 0.13812986 0.983871
59380 0.13922335 0.9677419
59400 0.2898628 0.92424244
59420 0.15082343 0.98275864
59440 0.18885598 0.95
59460 0.08828209 1.0
59480 0.18203847 0.95
59500 0.15071861 0.9814815
59520 0.15223129 1.0
59540 0.14662549 0.98275864
59560 0.14767268 0.9814815
59580 0.15860213 0.9677419
59600 0.17711934 0.95714283
59620 0.2402608 0.9375
59640 0.25511885 0.9
59660 0.11190868 1.0
59680 0.15412517 0.9848485
59700 0.10545198 1.0
59720 0.21839786 0.9285714
59740 0.1355778 0.98275864
59760 0.21554674 0.953125
59780 0.11745513 1.0
59800 0.14615512 0.969697
59820 0.23760737 0.9285714
59840 0.25398546 0.9117647
59860 0.16039199 0.969697
59880 0.15513457 0.96875
59900 0.27813274 0.91071427
59920 0.23138604 0.96428573
59940 0.14586537 0.9852941
59960 0.11281392 0.9848485
59980 0.15986183 0.96153843
60000 0.123499006 1.0
